Name	Coefficient	Coefficient_std_error	Coefficient_P_value
Effector_CD4pos_T-S__optimal_overlap_Calderon_ATAC	1.4989151028520052e-07	2.4595299290756317e-08	5.495340221831126e-10
Memory_Teffs-S__optimal_overlap_Calderon_ATAC	1.4911942456214814e-07	2.471118345890288e-08	7.973205133278178e-10
Th1_precursors-S__optimal_overlap_Calderon_ATAC	1.4444093038588238e-07	2.4093329486982388e-08	1.017058250307335e-09
Th2_precursors-S__optimal_overlap_Calderon_ATAC	1.303691382576836e-07	2.1757070599956252e-08	1.0361537005781038e-09
Regulatory_T-S__optimal_overlap_Calderon_ATAC	1.3321827153858505e-07	2.224663121607868e-08	1.060588820591351e-09
Th17_precursors-S__optimal_overlap_Calderon_ATAC	1.4605724657933675e-07	2.4781542037699027e-08	1.8871646132191574e-09
Effector_memory_CD8pos_T-S__optimal_overlap_Calderon_ATAC	1.5964977230835713e-07	2.8091854297107464e-08	6.612428326246984e-09
Gamma_delta_T-S__optimal_overlap_Calderon_ATAC	1.5494505307957075e-07	2.814575528555985e-08	1.8448475892134153e-08
Memory_Teffs-U__optimal_overlap_Calderon_ATAC	1.631756468708085e-07	3.102384956660609e-08	7.215156344672854e-08
Central_memory_CD8pos_T-S__optimal_overlap_Calderon_ATAC	1.216645722379875e-07	2.383975632294494e-08	1.667743124363304e-07
Effector_memory_CD8pos_T-U__optimal_overlap_Calderon_ATAC	1.440943722275686e-07	2.8283404694415622e-08	1.746824787565502e-07
Th17_precursors-U__optimal_overlap_Calderon_ATAC	1.475560868968486e-07	3.060356931733209e-08	7.122995276204896e-07
Follicular_T_Helper-S__optimal_overlap_Calderon_ATAC	9.857484564623598e-08	2.0717902908241506e-08	9.778213544099332e-07
Memory_Tregs-U__optimal_overlap_Calderon_ATAC	1.2013790937119443e-07	2.583209003154066e-08	1.6538624161692903e-06
CD8pos_T-S__optimal_overlap_Calderon_ATAC	1.108560694520969e-07	2.417774710695231e-08	2.2694384201764224e-06
Memory_Tregs-S__optimal_overlap_Calderon_ATAC	8.665249804188982e-08	1.95330076979252e-08	4.577855075970135e-06
CD4Tcell__optimal_overlap_Corces_ATAC	1.284356351628911e-07	2.9053441610805438e-08	4.919800416647394e-06
CD8Tcell__optimal_overlap_Corces_ATAC	1.170170784722977e-07	2.789262343814104e-08	1.3627353369436409e-05
Gamma_delta_T-U__optimal_overlap_Calderon_ATAC	1.2461308307887316e-07	3.0390919277267786e-08	2.0627234440738416e-05
Naive_Teffs-S__optimal_overlap_Calderon_ATAC	8.829039763702836e-08	2.2767547241388115e-08	5.267980305695703e-05
Central_memory_CD8pos_T-U__optimal_overlap_Calderon_ATAC	1.072739613487618e-07	2.789057341611673e-08	5.997106788682161e-05
Immature_NK-U__optimal_overlap_Calderon_ATAC	1.1141566822908875e-07	2.9448237897398985e-08	7.733752672410732e-05
Regulatory_T-U__optimal_overlap_Calderon_ATAC	9.508625058016717e-08	2.6342557957054415e-08	0.00015333132585632634
Th1_precursors-U__optimal_overlap_Calderon_ATAC	1.1007839829297876e-07	3.142602103003007e-08	0.00023021587924074423
CD8pos_T-U__optimal_overlap_Calderon_ATAC	7.621787102719849e-08	2.1832139367789697e-08	0.00024053089805666858
Effector_CD4pos_T-U__optimal_overlap_Calderon_ATAC	9.209503835922275e-08	2.6526816870933197e-08	0.00025851841536676405
Th2_precursors-U__optimal_overlap_Calderon_ATAC	1.0056871224672345e-07	3.048793195838025e-08	0.00048577207920841216
Naive_CD8_T-S__optimal_overlap_Calderon_ATAC	5.5308206342664625e-08	1.751904184984406e-08	0.0007969144962903082
NKcell__optimal_overlap_Corces_ATAC	7.139773288599303e-08	2.6564823069700078e-08	0.0035975199515964895
Naive_B-S__optimal_overlap_Calderon_ATAC	5.0398062799204946e-08	1.9840180531630646e-08	0.00553942582160923
Myeloid_DCs-U__optimal_overlap_Calderon_ATAC	4.815994372612901e-08	1.9859852216321464e-08	0.0076544034745424355
Mature_NK-U__optimal_overlap_Calderon_ATAC	6.4886889649025e-08	2.7817522436785527e-08	0.00983482299142097
Follicular_T_Helper-U__optimal_overlap_Calderon_ATAC	5.432045455352322e-08	2.3477906616738688e-08	0.010342533826273231
Naive_Tregs-S__optimal_overlap_Calderon_ATAC	4.533850012253325e-08	2.071293247312366e-08	0.01430212082150134
Naive_Teffs-U__optimal_overlap_Calderon_ATAC	6.179774744710807e-08	2.8491699784455554e-08	0.015042340404870378
Memory_NK-U__optimal_overlap_Calderon_ATAC	3.9604804606051e-08	2.1240498295180107e-08	0.03111950100915411
LMPP__optimal_overlap_Corces_ATAC	3.3879682822661626e-08	2.241530216457207e-08	0.06533649690344798
Bcell__optimal_overlap_Corces_ATAC	2.886556864522042e-08	1.9383000819982956e-08	0.06821461318083652
Bulk_B-S__optimal_overlap_Calderon_ATAC	2.6270626788830978e-08	1.7831400125462286e-08	0.07033791460519867
Plasmablasts-U__optimal_overlap_Calderon_ATAC	2.8714235486274333e-08	2.066584510691567e-08	0.08234741137842694
Mono__optimal_overlap_Corces_ATAC	3.4938565590571544e-08	2.7807432639732196e-08	0.10447697336956835
pDCs-U__optimal_overlap_Calderon_ATAC	2.7710016601502223e-08	2.214157075314276e-08	0.10537736760737149
CMP__optimal_overlap_Corces_ATAC	1.786021158585555e-08	1.5091017987492316e-08	0.11830563090148916
GMP__optimal_overlap_Corces_ATAC	1.6592657165898498e-08	1.595979643030587e-08	0.14925047106590877
Mem_B-U__optimal_overlap_Calderon_ATAC	2.1363056010286238e-08	2.2585839899449486e-08	0.17210984661554807
HSC__optimal_overlap_Corces_ATAC	1.6816899777052298e-08	2.0046312418280817e-08	0.20076203796423409
Naive_Tregs-U__optimal_overlap_Calderon_ATAC	1.645841090619041e-08	2.252393361717325e-08	0.23247886681209934
MPP__optimal_overlap_Corces_ATAC	1.3314911680585365e-08	1.9496781254222042e-08	0.24732594547473874
Mem_B-S__optimal_overlap_Calderon_ATAC	7.895045022571516e-09	1.5795479407099325e-08	0.3085976030122925
Naive_CD8_T-U__optimal_overlap_Calderon_ATAC	4.7106559865301035e-09	1.8234546741222334e-08	0.3980734613811377
MEP__optimal_overlap_Corces_ATAC	3.4182841461145623e-09	1.6427273025385068e-08	0.4175809421457592
Naive_B-U__optimal_overlap_Calderon_ATAC	3.6441809169051952e-09	1.9731140683466112e-08	0.4267353686573765
Bulk_B-U__optimal_overlap_Calderon_ATAC	-1.3280976291981932e-08	2.1185030780454312e-08	0.7346388517701222
Mature_NK-S__optimal_overlap_Calderon_ATAC	-1.0344552808821296e-08	1.5731232375295197e-08	0.74459615958875
Ery__optimal_overlap_Corces_ATAC	-2.7293023461254633e-08	3.368805351747994e-08	0.7910785324107301
CLP__optimal_overlap_Corces_ATAC	-2.274667122265404e-08	2.407782600872909e-08	0.8275976724059212
Monocytes-S__optimal_overlap_Calderon_ATAC	-2.9505786536280402e-08	1.4571973647474282e-08	0.9785576486812019
Monocytes-U__optimal_overlap_Calderon_ATAC	-3.865092436934546e-08	1.8075430567035383e-08	0.9837543174107087
