GeneID	Dendritic_cells_H	Fibroblasts_H	ILC_NK_cells_H	Keratinocytes_H	Langerhans_cell_H	Lymphatic_endothelium_H	Macrophages_H	Mast_cells_H	Melanocytes_H	Pericytes_H	Plasma_cells_H	Schwann_cells_H	T_cells_H	Vascular_endothelium_H	Dendritic_cells_LS	Fibroblasts_LS	ILC_NK_cells_LS	Keratinocytes_LS	Langerhans_cell_LS	Lymphatic_endothelium_LS	Macrophages_LS	Mast_cells_LS	Melanocytes_LS	Pericytes_LS	Schwann_cells_LS	T_cells_LS	Vascular_endothelium_LS	Melanocytes_DP	Dendritic_cells_DP	Vascular_endothelium_DP	Pericytes_DP	Fibroblasts_DP	Macrophages_DP	Langerhans_cell_DP	Schwann_cells_DP	Keratinocytes_DP	ILC_NK_cells_DP	Mast_cells_DP	T_cells_DP	Lymphatic_endothelium_DP		SUM L + DP		Novel
TMEM258	0.213645717	1	0	0	1	1	1	1	1	0.813385958	0.622716814	1.66E-05	0	1	1	1	0	9.87E-15	1	0.366790953	0.072799551	0.000801025	1	0	0.046834366	0	0.113850727	1	1	1	0.479504164	1	1	1	0.433186587	1	0.106484789	0.000100959	1	1		1.00	21.16353244	0
FOSL2	1	1	0.008078273	0	1	0	1	9.04E-11	0	1	6.61E-08	0.682366035	0	1	1	0.729015116	0.988888789	1	0	0	1	0.002970662	0.003988894	1	0.006184262	0	1	0.602774538	0	0	7.53E-16	0	0.287485368	0	0.0000247	1	0.298417339	0.038404653	4.46E-12	0.00000827		2.00	15.3117767	0
DUSP1	1	1	0	1	1	1.71E-15	1	0	0	0	2.10E-08	0.012855385	0	0	1	1	0.000467795	1	0	2.43E-07	0	1.21E-17	0	0.005459256	1.01E-08	0	0.000127338	0.037628749	1	1	1	1	1	1	0.031385355	1	1	0.225867012	1	1		2.00	15.08792415	#N/A
MRPS21	0	1	2.28E-10	0	0	1	0	0.003759979	3.03E-05	1	0.000547682	0.0039352	1	1	0.025420633	1	4.05E-08	1	0.019045265	0.72482454	0	9.81E-05	1	0.000395019	0.048028247	0	7.42E-05	1	1	0.58386963	0.003962949	1	0.024729647	1	0.140906036	1	0.02298453	0.013733205	0.001077114	0.410791607		2.00	14.57962746	0
GPSM3	1	0	1	0	1	0	1	6.63E-09	0	0	0.279550469	1.21E-17	1	0	1	0	1	0	1	0	1	3.03E-05	2.80E-07	0	1.48E-06	1	0	0.641796712	1	0	0.00000796	0.145508784	1	1	0.03235036	0.057951365	0.031823326	0.016396853	0.000852267	0.005918543		0.06	14.15719774	0
FAM177A1	0	0	0	1	0	1	0	3.01E-17	0	0	0.001764563	0.000106926	0.644249315	1	0	0	0.688252162	1	0.033289041	0.218532219	0	2.73E-05	0.767228714	0	0.000250925	0.820439034	1	1	1	0.695436338	0.149559258	1	1	0.830908801	0.007651568	9.29E-10	1	0.046615507	0.191786299	7.99E-10		1.00	13.85769621	0
ETS1	0	0	1	0	0	0.693812691	0	0	0.556781572	1	5.11E-06	0.062624067	1	1	0	1	1	0	0	1	0	3.04E-07	1	0.418749153	0.003504347	1	1	0.846157585	0.00000107	0	1.21E-17	1	0.141986832	0.006028512	0.002070858	2.00E-10	0.0000222	0.04793697	0	0.391313514		0.00	13.7317221	0
RNF5	1	1	0	0	1	1	8.57E-06	1.63E-09	1.25E-14	1	0.004266608	0.762284498	0	1	1	0.418762606	0.000212984	0	1	0.092855985	1	0.002024008	0.673951717	1	0.036765962	0	0.447054517	0.191518551	0	0	0	0	6.16E-09	0.576642528	0.000292731	7.71E-16	0.008036723	0.011414623	0	0		0.00	13.20664127	0
LSM2	0.094658887	5.47E-06	0.033510152	0	0.196441115	1	0	0.234517222	0.244645279	0	0.001279058	0.000192646	0	1	0.103701046	1	0.016658337	1	0.571349227	1	0	0.027752604	1	3.62E-17	0.00707404	0	1	1	0.179028663	0.000000163	0.148982833	1	7.35E-12	0.768007554	0.04425324	1	0.030898094	0.025299535	0.0000224	0.010026021		2.00	12.67205754	0
RUNX3	1	0	1	0	1	0	1	9.28E-07	1	0	0.059157818	2.11E-05	1	0	1	0	1	0	1	1.20E-14	1	0.001603484	1	0	0.004723706	1	0	0.333721982	0	0.040130014	0.048637398	0.031325117	0.029423002	4.70E-16	0.031632423	0.039773605	0.000466995	0.021463225	0	0.03693732		0.04	12.62015061	0
IL1R1	1	1	0	0	1	0	1	4.00E-14	0	1	0.000112055	0.006910101	0	0	1	1	2.69E-10	0	1	5.76E-09	1	1.41E-05	0	0.353032508	0.003518437	0	0.794071194	0.03449401	0	1	0	0	0.957867588	0	0.010496918	0.432428279	0.002026699	0.020764987	0.00813336	0.013899407		0.43	12.5929452	0
PRELID1	0	1	0.204333524	0	0	1	0	1.32E-07	0.049374834	4.51E-05	0.054965674	0.000619981	0	1	0	1	0.003679095	1	0.045384981	1	0	0.001588391	1	7.23E-16	0.02953353	0	1	1	1	0	0.0000066	1.43E-13	1.87E-09	1	0.072090492	1	0.00114482	0.044075988	0	0		2.00	12.46162233	0
PDLIM4	0	1	0	1	0	1	0	3.23E-12	1	1	8.99E-06	1	0	1	0	1	0	1	0	1	0	0.000325635	0.003313095	0.004553546	0.321821846	0	1	0	0.114986533	0.037967735	1.16E-13	0.253689159	0.000356261	0.046523614	0.070691401	0.399825605	0.091073299	0.039350264	1	0		1.40	12.25406342	0
FOXP1	1	0	1	0	1	1	0	0.018445299	0	0	0.000832379	0.022974769	1	1	1	0	0.475863477	0	8.16E-09	1	0.815148613	0.001210243	5.14E-11	0	4.77E-05	1	1	0.150060629	0	4.87E-09	0	0	0.756260157	0	0.000041	2.88E-08	0.007201355	0.001591853	0	0.012596946		0.00	12.24088427	0
REL	1	0	1	1	1	0	1	0	0	0	8.25E-09	0.002289948	0	0	1	0	1	0	1	1.41E-10	1	0.006384351	0	0	0.000222536	0	0	0.050429868	0	1	0.0000346	1	1	0	0.000420352	0	1	0.302216354	1	0.004508842		0.00	12.05978166	0
HLA-DRA	1	0	0	0	1	0	1	0	0	0	5.69E-06	0	0	1	1	0	5.05E-09	0	1	0	1	3.16E-10	0	0	4.53E-08	0	1	0.640796162	0	0.69454533	0.037628749	0.531638233	1	0	0.013533321	1	1	0.034828106	1	0.020967651		1.00	11.91814754	0
RNASEH2C	0.000230933	1	2.20E-07	0	0	1	0.299261248	0.070827105	0	1	0.004894083	0.046362527	0	1	0.000295548	1	5.61E-05	0	0.031610212	1	3.55E-13	0.01798246	1	1	0.03791291	0	1	1	1.37E-15	0	0	0	0	0.118279976	0.021812536	1	0.0000963	0.009218698	0	5.80E-09		1.00	11.64952582	0
DDX39B	0	1	2.44E-06	1	9.21E-11	0.000620591	5.82E-08	4.31E-08	2.37E-09	0.149392092	0.025924808	0.01697534	0.00162883	0.163455951	0.000146135	1	0.000626399	1	0.0005861	0.541497697	0.002428963	0.021361157	0.287518823	0.008086714	0.067034614	0	0.833858961	0.940844055	1	1	0.122999311	0.229139301	0.606829984	0.38663516	0.10986485	1	0.045778164	0.181065099	0.0000175	1		2.00	11.51745838	0
LMAN2	0	1	1	0	0	1	0.774123021	0.155413705	0.124366592	3.81E-06	0.151159416	0.000244451	0.039253989	1	0.046492126	1	0.152287804	1	0.351460841	0.021191001	8.44E-17	0.000674773	1	0	0.009643909	7.24E-08	0.009873737	0.48492892	0.008245897	0	0	0	0	1	0.028756756	1	0.003275899	0.000574619	3.25E-15	2.55E-11		2.00	11.35812082	0
NDFIP1	1	1	0	0	1	1	0	0	9.50E-11	3.27E-13	8.84E-05	0.020892809	1	1	0.006832349	1	4.80E-07	0	1	4.48E-05	0	4.04E-09	0.494707454	0	0.004134316	1	2.14E-14	0.717459412	0	0	0	0.028719491	5.68E-09	0	0.009568149	1	0.01109006	0.020272946	1	0		1.00	11.28244767	0
PAFAH1B2	1	1.06E-10	6.63E-16	0	1	0.150720182	1	1.02E-06	0	0.000124855	0.030535934	0.06077465	0	1	1	0.006528934	0.003528691	0.71614921	0.771797082	0.265108914	1	0.001479511	0.237929961	1.99E-13	0.011560118	0	1	0.762612908	0	0	1.51E-12	1.76E-08	0.049655353	0	0.004785928	1	0.008813257	0.012780764	0	0.017555607		1.72	11.07329327	0
PPP2R3C	1	1	7.42E-09	0	1	1	1	3.05E-06	1.09E-05	0.005283706	0.007528003	0.00177925	0	1	1	0.139989982	0.032383516	0	0.069321957	0.527863132	0.782967112	0.007059414	0.677937637	5.82E-10	0.005763027	0.124128867	0.895619701	0.559794656	0	0	3.99E-09	0	0.000351959	6.73E-12	0.01405773	0.173955662	0.045974574	0.036737342	0.111684003	0.007054329		0.17	11.02579923	0
SEPT8	2.01E-12	1	3.02E-10	1	3.62E-17	0.037825072	4.34E-06	0.084589916	1	0.48720033	0.03526662	0.08679761	0	1	3.36E-10	1	0.000319306	1	1.36E-08	0.019378829	1.12E-12	0.009122185	0.207715804	1	0.016058934	0	0.023710233	0.064024446	0.145781596	0.051964428	0.498432226	1	0.005716678	0.073041631	0.016656937	1	0.04320907	0.012623138	0.021576328	0.073845861		2.00	10.86360713	0
NELFE	0	1	0	0	0	1	1.60E-14	1.93E-12	0	1	0.003735939	0.000971767	0	1	0.006425572	1	6.94E-08	1	0.018777508	0.237890389	1.87E-07	0.000244903	1	0.000562634	0.043910054	0	1	1	0.00074415	0	0	0	3.29E-11	0.352930278	0.056787994	1	0.004494419	0.017225026	0	4.18E-09		2.00	10.72298144	0
IL6R	1	1	0	0	1	0	1	1.41E-09	1	1	0.028014711	0.0020728	0	0	1	1	4.77E-07	0.975343494	0.005455487	4.95E-06	1	0.005678716	0.221039101	0.002278771	0.019417391	0	8.01E-09	0.0000846	0	0.263016052	0	0	0.031196963	0	0.026369882	0.108969922	0.031605325	0.043804538	0	0.000619629		1.08	10.68894333	0
STAT5A	1	1	0	0	1	1	0	2.27E-09	0	0	0.002977659	0.026505959	0.009282222	1	1	1	9.69E-05	0	3.62E-17	0.007671215	1	0.000286662	5.05E-06	9.87E-13	0.001527114	0.008163179	1	0.108116493	0.318948385	0	0.118238502	3.98E-11	1	0	0.003061163	0.043182921	0.07286204	0.025985426	0.036390788	3.73E-09		0.04	10.64806342	0
SRP54	0	1	0	0	1	0.258359478	0	1.38E-07	0	0.960986354	0.086544467	0.000214082	0	1	3.89E-11	0.15953554	0.377847731	0.139844772	1	0.001913347	1	2.08E-05	0.03329153	0	0.003894428	0.205157488	0.02285236	0.48579784	0.281519786	0	0	0	1	0.562861169	0.03008062	1	1	0.008841183	1	0.001696256		1.14	10.6107219	0
CDC42SE2	1	0	1	0	1	0.337255257	0.12596458	5.97E-06	0	0	0.136581132	6.90E-12	1	0.031941941	1	0	1	0	0.007451171	0.000202972	1	2.75E-05	0	0	3.01E-05	1	0	0.328639247	0	0	0.0000181	0.007566383	1	0	0.017591149	0.203650367	0.000144322	0.003852789	0.322661078	0.000000802		0.20	10.19692582	0
C1orf54	1	0	1.33E-16	0	5.40E-05	0.018191285	1	0.000154245	2.61E-08	0.694008274	0.011535258	0.096041558	0	1	1	6.81E-16	0.000218875	1.27E-14	0.054718097	0.003210891	1	0.005211288	0.036571068	0.417538629	0.030337742	0	1	0.273099732	1	0.341504149	0.086979439	0.465354425	0.00200803	0.359097867	0.024590943	0.232983054	0.048181735	0.041289457	0.00349318	0.021394391		0.23	10.15340884	0
CREB5	1	1	0	0	1	2.79E-14	0.02001665	1.30E-06	0	0.000268241	0.002960648	0.003981692	0	0	1	1	5.68E-07	0	1	0.295989835	1	0.005186249	0.002547949	4.96E-07	0.010801068	0	4.69E-11	0.195246363	0.633881966	0.519066431	0.00057016	0	1	0	0.024051578	0.10353669	0.047319386	0.044911729	0.033952449	0.677519974		0.10	9.81810788	0
MICA	0.059341839	1	0	1.33E-15	0.010818212	0.403004101	0	8.15E-07	0.046197197	0.000787521	0.002637511	0.102953787	0	1	1.65E-09	1	8.73E-09	1	8.27E-06	0.385687514	0	0.000806658	0.777145257	0.006291173	0.101428792	0	1	0.629733144	0.00000422	0.000101139	0.142136158	1	0.036755308	0.000761856	0.077072697	1	0.025424622	0.029452871	0.095134331	0.2230079		2.00	9.783673179	0
STAT6	1	1	2.18E-07	0	1	0	1	7.09E-11	0	0.063815961	0.003307586	0.002731844	0	0	1	1	0.008672254	1	0.015504198	1.52E-15	1	0.000720335	0.205229096	5.95E-09	0.006837305	0	8.17E-09	0.439920033	0	0.00000018	5.52E-15	0	0.016174691	0	0.011274003	1	0.005011453	0.021584121	0	0.028067496		2.00	9.774187718	0
ARFRP1	1	1	0	0	0	1	0.000653338	2.00E-06	2.97E-10	0.876708687	0.005862586	0.015642198	0	1	2.20E-08	1	0.000181137	1	1.32E-08	0.252259867	5.39E-09	0.006052018	0.255106141	0.014281112	0.043075729	0	1	0.215573721	0	0	3.86E-16	0	0	0.000000203	0.029901662	1	0.017502949	0.022739452	8.59E-14	1.20E-10		2.00	9.71530044	0
NFKBIL1	0.170363108	1	0	0.717531184	0.314699373	0.16495874	1.81E-11	6.01E-07	0.00711256	0.698046345	0.013861352	0.000400406	0	1	0.046378544	1	0.005689418	1	0.430503784	0.049680984	0.100148887	0.004566535	0.94226041	2.33E-07	0.008538649	0	0.019059715	0.613958525	0.000162712	2.41E-17	3.06E-13	1.85E-10	0.233491951	0.092027233	0.032476378	1	0.083940394	0.045626159	0.001051426	0.009087503		2.00	9.665917627	0
FNIP1	0	1	0	1	2.10E-13	0.068445014	2.96E-05	4.74E-12	0.103885816	0.874281299	0.090481154	0.366642498	0	1	0.077270032	1	0.000252367	1	0.001621248	0.18967435	1	0.000742299	0.59863126	2.25E-12	0.014895611	0	0.011250456	0.199747967	0.582919077	4.30E-13	0	0	0.468389968	0.006239493	0.00192663	0.00000562	0.036718495	0.03773157	0.000230524	0.053954486		1.00	9.6573318	0
AGPAT1	0.172107671	1	5.50E-09	0	0.382500604	0.000798072	0.536566406	0.004032821	0.029212924	1	0.014318981	0.042422349	0	1	1	1	0.00180718	2.74E-11	0.717357639	0.031981976	0.003356681	0.006811869	0.604303846	0.096450992	0.023208746	0	0.409534704	0.440055924	0.634783379	7.40E-11	1.38E-12	0.000238326	0.0000035	0.263439677	0.021085554	0.16688135	0.01714546	0.017078817	0.00000437	0.054130445		0.17	9.603261177	0
DEXI	4.73E-06	1	0.001399209	0	1.34E-14	0.393375587	0.00423905	0.12172522	1	0.0642982	0.053589809	0.10757617	0.06369419	1	0.001210174	1	0.002902351	0.000621163	0.000472969	0.065154912	0.004292362	0.068623835	1	0.000265986	0.02782313	0	0.094211261	1	0.24578163	0.002573948	0.014506357	0.789849178	0.117902808	0.218042681	0.021505489	1	0.025311481	0.053951137	0.0000181	0.041805864		1.00	9.485642404	0
IL18R1	1	0.032024993	1	0	0.808770958	7.47E-15	1	0.261508836	1.33E-12	3.38E-06	0.018440327	0.002909949	1	0	0.947998653	9.76E-11	0.398297585	0	0.920725283	0.000180467	0.483097128	0.04483088	0.000551665	2.61E-10	0.019995715	1	1.18E-08	0.038728234	0.0000253	0.067084514	0.000681915	2.41E-09	0.000189793	0.273162427	0.043553472	0.072288462	0.001574951	0.01343229	9.36E-10	0.032173302		0.07	9.43504995	0
STK19	0	1	0	1	0	0.377385572	0	1.74E-06	9.40E-08	0.095416468	0.014076406	0.011895559	0	1	3.83E-14	1	0.000150273	1	5.66E-05	0.195954078	5.30E-09	0.004131303	0.706602377	0.000106789	0.024547805	0	0.791520032	0.907630825	0.02844116	0	0.0000403	0.001878026	0.007966292	0.219434167	0.035976459	1	0.026017678	0.03990923	0.000334315	0.048179317		2.00	9.423212316	0
PLXNC1	1	5.01E-15	0.010627518	0	1	5.24E-07	1	0.008597206	1	6.96E-07	0.064227523	0.011422744	0	0	1	0.002571049	0.01511169	2.08E-13	0.358996765	0.002650386	1	0.018094786	1	5.43E-06	0.022038338	0	5.10E-07	1	2.30E-11	0.044283614	0.037523445	0.359566134	0.300907397	0.029625728	0.035807301	0.035963732	0.02173625	0.031923765	0.011584	0.037628749		0.04	9.358022518	0
RELA	0.022332447	1	7.17E-16	0	0	0.115664148	0	0	0	1	0.000704975	0.015872114	0	1	2.83E-09	1	0.002060692	1	1.26E-11	0.254818713	1	2.03E-06	0.079782247	1.29E-09	0.035076856	0	1	0.109435685	0	0	0	0	1	0	0.020625997	0.655078483	0.001093343	0.014356629	0	0.001957973		1.66	9.311454387	0
LST1	1	0	2.82E-11	0	1	0	1	9.35E-06	0	0	0.00663742	0.000187976	7.36E-13	0	1	0	2.93E-06	0	1	2.50E-12	1	0.000648271	2.95E-10	0	0.00248868	0	0	0.037169279	1	0.060576632	0.037127788	0.040814995	1	1	0.037628749	0.043288715	0.021016496	0.033012664	1.95E-15	0.041524416		0.04	9.266580778	0
ARID3A	1	0.722082763	3.93E-06	0	1	3.92E-09	1	0.001753543	4.10E-16	0.050215388	0.029964092	0.033400943	0	0	1	5.98E-11	0.007844144	1	0.173007199	0.001065594	1	0.022813288	0.000750624	2.63E-07	0.011580675	0	5.44E-12	0.04214443	0.0000132	0.00034252	6.72E-08	0	1	0	0.010332974	1	0.014689138	0.039829045	0.00000579	0.013281727		2.00	9.107315644	0
RBM17	0.898716325	1	0	0	0	0.000728153	2.56E-14	4.57E-15	0	1	0.000231423	0.020975202	0	1	1.15E-16	0.885378343	0.223258982	1	0	0.00235364	0.000322465	0.000364986	0.032199549	0.00157013	0.000561959	0	1	0.952941269	0	0	0	0	0.004172394	0	0.001549504	1	1	0.048377959	0.313901638	0.001592477		2.00	9.025324324	0
FADS1	1	1	1.08E-06	0	1.03E-14	4.63E-06	1	0.00798427	1	1	0.01412253	0.051119904	0	0.16203337	1	1	0.005269104	0	0.000448504	0.051838532	0.291532094	0.022897307	0.47973123	0.67360232	0.05774071	0	0.000114058	0.019728433	1.69E-08	0.00000541	0	1.55E-10	0.003288209	0.051206411	0.047088274	0.061119838	0.024520099	0.036384923	0.049200033	0.138997652		0.06	9.00087624	0
RERE	0	1	1.15E-08	0	0	1	0	0.007303479	2.12E-12	0.924105109	0.009482727	0.075677655	0	1	1.61E-09	1	0.009303995	0.085546564	1.77E-06	1	2.91E-11	0.019199022	0.042002185	0.020303628	0.019256171	0	1	0.168029484	0.393742196	0	5.89E-09	0.004251919	0.000110138	0.310408707	0.01059347	0.599593021	0.025295199	0.026034922	6.74E-11	0.000125604		0.69	8.698911255	0
TNF	9.01E-06	0	6.01E-05	1	0.002317254	1.81E-17	1	0.001014035	2.45E-08	5.70E-07	0.017229518	0.115863902	1	0	1	0	0.031285279	0.05606208	1	3.20E-07	0.14069214	0.006456542	0.000843488	3.71E-14	0.006902224	1	0	0.084860195	1	0.040811158	0.022733927	0.047101194	0.001179979	1	0.006166882	0.113213846	0.158807121	0.039802341	0.13179386	0.037536179		0.17	8.694803687	0
ECM1	0	1	0	6.03E-18	0	0	1	0.001452603	1	0.035740428	0.004991632	1	0	0	0	1	6.98E-09	0.017500556	0	3.83E-11	0	0.002146751	1	2.71E-07	0.388514174	0	0	1	0.010260253	0.151361084	0.023320832	2.36E-10	0	0.03561447	0.012171032	1	0.033805029	0.024750695	0.029642618	0.040779371		1.02	8.683074093	0
RAB1B	0.106335171	3.38E-16	0	5.02E-06	1	0.098393203	0.000154682	0	0.505094145	0.719827307	0.000371839	2.60E-06	0	1	3.36E-07	0.07863456	4.20E-10	1	0.534294666	0.29281565	0	7.85E-06	0.602720556	0	0.005361077	0	0.445678769	0.146383601	2.02E-09	0	6.03E-18	0.708127829	5.20E-13	0.021220203	0.053700243	1	0.000510922	0.048576533	2.23E-13	0.171767345		2.00	8.319129316	0
STAT5B	0	1	2.41E-17	0	0	0.304787749	0	2.40E-05	0	0.315951641	0.018539684	0.071122976	1	1	1.86E-13	1	0.013136813	0	0	0.002870285	0.185123604	0.002360901	8.52E-06	1.42E-05	0.012844492	1	0.973059791	0.042208924	0.058762501	0	0.00000148	0	1	0.000000555	0.010844874	0.077319549	0.137689688	0.027325107	0.334534517	0.000407395		0.08	8.088982496	0
IL2RA	1	0	0.045127285	0	1	0	1	1.97E-06	0	0	0.005276905	8.03E-05	0.708159114	0	1	0	1	0	0.000101225	0.000124779	1	0.009808099	0.000459622	2.75E-12	0.014371797	1	1.09E-15	0.040554793	0	0.03149496	0.033580011	0.013220394	0	0	0.037628749	0.044003272	0.633429889	0.033012664	0.005509045	0.036449931		0.04	7.98399331	0
CSF2RB	1	0	0	0	1	0.051858343	1	0.123224364	1.21E-17	0	0.050592633	0.000799317	0	1	1	0	0.000980915	0	1	0.041379618	0.189510151	0.049201418	0.000752071	4.38E-10	0.016083151	0	1	0.037169279	4.37E-15	0.229630208	0.039352333	0.054850624	1.92E-10	0.00000141	0.037628749	0.042774028	0.035205536	0.017939745	0.024353458	0.007064798		0.04	7.965788613	0
P4HA2	0	1	0	0	0	0.394187493	1.89E-05	0.039794733	1	1	0.020344867	0.036823961	0	1	0	1	0.000250692	0.543141478	0	0.002481331	9.04E-17	0.004777685	0.565403591	5.59E-06	0.015863653	0	2.72E-05	0.007557975	0.190976623	1.51E-16	6.93E-12	0.01919624	0.00000788	0.003152324	0.022655006	1	0.055866911	0.009822611	0.010716031	0.001001151		1.54	7.866667196	0
SIK3	1	1	7.44E-07	0.112168743	1	1.21E-17	1	2.80E-06	6.03E-18	0.024467456	0.011362481	0.051119962	0	7.21E-05	0.218635171	0.386644472	0.03957018	0.741066349	0.000481329	0.00096974	1	0.004200192	0.004959851	5.03E-06	0.024669758	0	0.020172329	0.112773773	6.45E-12	0.00575698	0.00000594	1.87E-16	0.932883365	4.86E-11	0.017328968	0.052406646	0.064864019	0.033012664	0.002437857	0.052991985		0.79	7.761724402	0
BATF3	1	0.154891961	0.00156278	0	0.000372462	1	0.031482754	0.018720956	0.003765968	0.00988862	0.036791626	0.113831281	2.38E-05	0.170931628	1	1	0.007522111	0	0.000483975	0.042098387	0.03922746	0.023317813	0.007398628	0.139417001	0.022245048	9.84E-11	0.047089602	0.048036398	0.918990113	0.159487004	0.380945132	1	0.19143997	0.049802968	0.016385915	0.049247828	0.04377621	0.043890136	0.113896805	0.0000046		0.05	7.685399197	0
TRAF3	1	1	0	0	1	0.036286349	1	0.000122347	2.24E-05	0.00019189	0.154288185	0.030894134	3.22E-08	7.80E-07	0.353177251	0.857183337	0.002245276	0	0.093539855	0.04528662	1	0.005681442	0.05061488	3.71E-10	0.049799755	0.198559028	2.80E-06	0.166971955	1.89E-09	0.007095438	0.001666843	0.001737529	0.022075064	1.81E-17	0.056510889	0.550618597	0.086842464	0.03635984	0.780555554	0.058731443		0.55	7.684572668	0
ATF6B	1	1	0.094862293	0	5.87E-09	0.285766863	0.01153542	3.30E-07	2.43E-12	1	0.009938283	0.00505713	1.79E-06	1	0.227536549	0.366753169	0.005652871	1	0.018348472	0.021201667	0.015379949	0.007333706	0.203702572	4.09E-13	0.012514896	0	0.054196452	0.241812579	2.60E-15	0	0	0	3.15E-08	0.000299484	0.015079702	1	0.000100471	0.035403281	0	0.000014		2.00	7.596974214	0
SATB1	1	0.187406246	1	0	0.092184225	2.37E-14	1	0.00096052	1.96E-13	3.64E-12	0.012182725	0.004330215	1	0	0.047841552	0	1	0	1.74E-14	3.85E-07	1	0.008885385	0.000501568	0	0.00531176	1	0	0.125773319	0.003690563	0.020410409	0.003273728	1.19E-14	0.019174408	2.86E-09	0.023395665	0.020684664	0.021678255	0.046067364	1	0.022568466		0.02	7.57600734	0
PACS1	1	2.31E-11	0.778053816	0	1	5.04E-07	0.030323561	8.19E-05	2.60E-12	5.67E-16	0.021167134	0.002926133	1.26E-10	1.72E-13	1	0.94482194	0.012296439	0.002300297	0.004034712	0.014056487	0.57952825	0.022189355	0.032640231	5.31E-07	0.016986443	0	5.27E-05	0.148878061	0	0.000510057	0.053969847	0.744357178	0.149755405	0	0.032476378	0.827967814	0.000193539	0.059623104	2.97E-11	0.03820378		0.83	7.419375155	0
RGS14	0	0	1	1	0	0	0	4.21E-05	5.00E-07	0	0.055710404	0.000139027	1	0	4.99E-06	0	0.087818743	1	8.02E-06	1.32E-08	0	0.001619183	0.02117648	0	0.003262877	0	0	0.173671369	1	0.0000303	0.036574302	0.144560712	0.074499417	0.691291725	0.03235036	1	0.005036694	0.025935997	0	0.071563554		2.00	7.322760539	0
CLEC16A	1	7.15E-12	2.66E-08	0	1	6.88E-08	0.106817122	0.00170958	8.30E-06	3.03E-07	0.043553026	0.020983538	9.04E-16	2.65E-10	1	2.68E-08	0.019658537	0.85353093	1	0.003422175	0.508971381	0.014389199	0.019925675	2.85E-05	0.017789203	0	1.47E-06	0.100933612	0.000000811	0.011980056	0.084210587	0.073907974	0.367274679	0.000117555	0.026369882	1	0.095039434	0.041426515	0.040631827	0.062612401		1.85	7.275584183	0
LRRC32	0	1	0	0	0	1	0	4.36E-05	0	2.18E-11	0.006877207	0.095892137	0	1	0	1	6.75E-07	0	0	0.017647996	0	0.002213891	4.73E-07	0.014430436	0.008427201	0	1	0.043123219	0.021081699	1	0.945520766	3.35E-13	0.005504266	0.03639626	0.008457178	0.048208379	0.034969357	0.035268076	0.095679339	0.0000297		0.05	7.253825428	0
GLB1	1	1	0.009186439	0	0.017266688	2.28E-07	0.015368795	1.24E-06	0.002331607	0	0.009120021	0.004195555	1	4.60E-08	0.524707096	1	0.039817172	0	0.003370586	0.001915188	5.24E-08	0.008592238	0.681872577	1.31E-10	0.01488355	0.558347261	4.04E-12	0.394169068	0	2.41E-17	0.003133523	1.63E-14	1.10E-14	0.000000586	0.021931473	0.915567013	0.010385276	0.03892803	0	0.002759144		0.92	7.225778	0
SLAMF1	1	0	2.30E-05	0	0	0	0.412332936	3.22E-05	0	0.018605986	0.4801344	0.003536323	1	0	0.000568846	0	0.177719941	0	0	1.31E-10	0.91307844	0.001157498	2.22E-08	0	0.003568892	1	0.000524723	0.045275674	0	1	1.03E-11	0.027590963	1	0.05285835	0.01966276	0.038893936	0.446890568	0.025916244	0.003094222	0.039340867		0.04	7.195564869	0
ME2	1	0.340113173	8.90E-08	1.55E-14	1	4.99E-14	1	0.000188591	2.41E-17	2.08E-14	0.02486927	0.000523348	0	0.644192379	1	0.01818273	0.047648251	0.101944583	1	0.044554525	0.000714453	0.010835368	0.27293191	8.52E-05	0.011183826	0	0.000243766	0.560330541	0.006348846	7.11E-16	0.039184301	3.15E-13	0	6.84E-11	0.029018158	0.000788648	0.050340976	0.026988212	0.033547043	0.126995644		0.10	7.153881935	#N/A
KAT5	0	1	0	1	6.40E-14	1.40E-08	0	1.04E-06	0.220455609	1	0.027001195	0.008606993	0	1	0.014047884	0.472719411	0.003194454	1	0.000795439	0.036285687	0.000356379	0.008403541	0.867571834	0.047187611	0.067082816	0	0.03101768	0.129064699	0.0000185	0	0	0	0.000222453	0.000000617	0.053344555	1.09E-15	0.014021511	0.027407228	0.000000121	0.012629054		1.00	6.987378406	0
PEX13	1.68E-11	1	0	1	0.943797431	0.069157866	0	1.35E-07	0	0	0.00323384	0.000373164	0	0.344704233	4.75E-10	1.07E-05	0.003455507	1	0.586476081	0.008727939	1.73E-11	0.002039261	0.06303933	0	0.004713813	0	3.02E-11	0.515729314	0.000688572	1.56E-13	0.007352741	9.88E-16	0.248353589	0.143994683	0.025749148	1	0.146689203	0.039669007	0.008952266	0.006225135		2.00	6.971597376	0
WNK1	1	0	0	0.004405581	0.531055852	0.000114965	0.075517384	0	0	0	3.73E-05	8.70E-06	0.46535413	1	0.000251413	0	2.97E-06	1	0	0.458936798	0.003033731	2.89E-05	0.025283641	0	0.000658087	0.022202388	1	0.26350317	0	2.01E-13	6.94E-09	0.000000045	4.68E-14	0	0.008012992	1	0.006725573	0.049391817	0	0.196421537		2.00	6.858408023	Y
DXO	0	0.116522706	0.001289734	6.07E-06	9.20E-09	0.159023505	7.06E-15	0.00281423	0.009989232	1	0.032788865	0.020959726	8.72E-13	1	0.000148312	0.735765153	0.023039184	1	0.001295036	0.119917947	1.08E-06	0.009046289	0.416595803	0.01844595	0.053456157	0	0.160356725	0.38378527	0.108852642	0	5.42E-09	0.236063656	0.023390171	0.035013696	0.060569732	1	0.040236684	0.024779366	0.00466884	0.054916269		2.00	6.729136884	0
IL7R	1	0	1	0	0.246413366	0	1	4.80E-14	0	0	0.000789616	0	1	0	0.09445316	0	1	0	0	0	1.47E-09	8.37E-05	0	0	2.64E-06	1	0	0.040158261	0	0.109098547	0.037628749	0.00882462	0	0	0.037628749	0.026573709	0.0000511	0.03129849	0	0.037825482		0.03	6.601655161	0
PBX2	1	0.011488431	1.46E-09	0.010789709	0.067765042	5.48E-08	1	0.000111904	1.01E-12	0.025969618	0.010561894	0.018989005	0	0.645017817	1	0.212345518	0.001836728	0.86803321	0.000997632	0.016710453	1	0.029056433	0.034221445	0.003018608	0.013636667	0	0.027498228	0.191903118	0.030036352	0.0000265	0.001854077	0.04705148	0.006199319	0.0000557	0.017530388	0.251426252	0.0152747	0.075682641	6.19E-08	0.07304527		1.12	6.544131584	0
NAB1	0	1	0	1	0	2.83E-08	1.20E-10	2.02E-08	0	1	0.003139508	0.398089503	0	0	5.91E-12	1	2.99E-05	1	4.73E-13	0.000913331	1.83E-05	0.002537705	0.001039666	0.71128529	0.013528753	0	1.65E-05	0.173109602	0.005977762	0.15526287	0.003732267	0.013972492	0.004346404	0.002312887	0.001331159	0	0.037360387	0.043833059	0.362880684	0.014509831		1.00	6.490643895	Y
IL1RL1	2.03E-06	1	0.023671867	0.000397987	8.33E-08	7.84E-05	3.05E-06	1	0.000550559	1	0.031369839	0.061571024	9.98E-10	0	0	0.648157727	0.247644247	0.031225066	2.82E-05	0.001866062	0.000114331	1	0.003257648	0.273640942	0.027768056	0.386630355	2.74E-06	0.035886121	0.027723193	0.089487868	0.012748003	0	0.08122353	0.03587476	0.027756073	0.37782169	0.330833116	0.026213666	1	0.039340867		0.41	6.426501427	0
EHMT2	8.19E-05	0.000165468	0.704721954	0.006353508	0	0.003114369	6.42E-05	0.032216855	0.13118336	0.000189036	0.038963687	0.020272195	1	0.449695234	0.002468665	0.624391781	0.027736549	1	3.32E-05	0.037451601	0	0.018285507	0.191057754	0.001373151	0.014973389	0.00015673	0.013327137	0.114992721	0.042870145	0.001246146	0.057874581	0.758875704	0.000412187	0.046214323	0.022098776	1	0.004379437	0.021445994	1.94E-11	0.069976858		2.00	6.362861866	0
CTSF	0	1	1.17E-08	0	0	1.37E-05	0	0.0007993	1	1	0.014021322	0.028778441	0	0	0	1	4.17E-05	0	1.59E-10	0.120925593	0	0.009397207	1	0.456758634	0.02607093	0	0.000152962	7.74E-09	0.042902435	0.485840494	0.00000924	0.010745768	0.02830583	0.086312106	0.038226339	0.010433955	0.009846302	0.045216972	0.000165084	0.398508118		0.01	6.359736007	Y
RAPGEF6	0.759703582	1	0.196476563	0	0.615500507	9.58E-10	7.64E-05	0.000469993	4.12E-06	0.017167013	0.008714879	0.001740033	1	1.58E-08	0.168225768	0.106944398	0.232750548	7.79E-06	0.002023376	0.001704975	0.417141098	0.027035971	0.009041965	0	0.018124183	1	2.28E-06	0.058215514	0.005739817	0.002275454	0.00000826	7.57E-11	0.567389637	0.0000136	0.047867372	0.083097146	0.142473354	0.070388013	0.011534287	0.047774259		0.08	6.347462232	0
ZGPAT	1	0.07920498	3.99E-07	0	1	0.363561533	0.009436126	0.000152809	5.95E-05	0.04722046	0.029242755	0.005266069	0.004052098	1	0.011432763	0.028820614	0.002881633	1	0.019023661	0.150893802	0.001353648	0.005687016	0.116264641	0.000213285	0.014735091	0	0.212800583	0.189100305	0	0.000000206	0.000258145	0.001993677	0.001286054	0.000000821	0.029487025	1	0.016143296	0.02782047	0.00000175	0.033678374		2.00	6.32442966	0
SHE	5.34E-09	0.210256074	4.82E-05	0	1.46E-06	1	0.936983126	0.014361915	0.000292271	8.08E-05	0.023958149	0.017189831	0	1	0.000273943	0.359823617	0.012820528	2.40E-06	0.002931869	1	0.002545761	0.024997808	0.016610603	0.000959816	0.027811182	0	1	0.04474937	0.032486347	0.33940793	0.037022391	0.04924913	0.000000289	0.026308675	0.035807301	0.039310536	0.031998977	0.033012664	0.034875531	0.232012615		0.04	6.256291298	0
TNFSF4	1	0.561007554	1	0	0.058567935	0.003220259	0.001020957	0.054902382	0.005096047	0.003642584	0.029909202	0.027136604	0.050332629	3.56E-06	0.31680282	1	1	0	0.003375548	0.013171219	0.001009108	0.024323118	0.012395872	0.000837997	0.027262596	0.003832042	0.000160617	0.039592538	0.047078726	0.037562747	0.040495745	0.758108098	0.036529459	0.010323219	0.035807301	0.05040215	0.495217018	0.02499997	0.053891111	0.047538601		0.05	6.253910628	0
CD86	1	0	0	0	1	0	1	1.02E-08	0	0	0.013918667	8.06E-06	0	0	1	0	1.32E-05	0	1	6.60E-07	1	0.004154517	6.77E-06	0	0.008085142	0	0	0.037169279	0	0.037918336	0.036931582	0.032235319	0.000000239	0	0.037628749	0.035538997	0.036403127	0.035268076	0.046603784	0.036449931		0.04	6.243609518	#N/A
DDX6	1	1.67E-10	0.553150673	0	1	6.22E-09	0	2.09E-11	1.78E-15	0.000404866	0.03209938	0.016956744	1	0	0.019080571	1.09E-13	0.313661116	1	4.98E-08	0.000427251	0.005597644	0.00012636	0.075128139	3.56E-16	0.028638773	1	0	0.08859776	0	0	0	0	0.000103381	0	0.020286156	0.025311259	0.01722542	0.008753094	0	0.0000385		1.03	6.179570129	0
SIPA1	6.14E-06	1	0.036515845	0.1181142	6.27E-13	0.0003586	0.918894314	0.001043719	0.002818726	0.011179887	0.011116156	0.011382438	0	1	0.009161476	0.002839757	0.027974188	1	2.04E-06	0.048416591	0.022716857	0.019702775	0.327266899	0.000244543	0.019125761	0	0.020109105	0.373111905	0.099024572	0.000000019	0.006098119	1.07E-09	0.000134573	0.010227804	0.032666049	1	0.030123974	0.053672524	0.001147712	0.109759824		2.00	6.130253057	0
KIAA1109	0.065106067	1.14E-06	1	0	6.88E-14	0.001046383	1.40E-05	7.08E-05	4.70E-07	1.59E-06	0.009526088	0.01202193	1	8.26E-08	1.19E-05	0.299360297	0.160992172	4.46E-05	8.63E-07	0.036053112	0	0.004187889	0.315216637	4.35E-05	0.005896995	1	5.85E-06	0.662162657	0.000780366	0.024331881	0.108279395	1	0.000758247	0.027436317	0.015444675	0.305599436	0.022213417	0.036384923	0.00000402	0.112909344		0.31	6.054395343	0
PPT2	6.49E-10	0.368483726	0.000325101	0.112061809	8.59E-09	0.324846009	3.36E-08	0.014069787	0.476868581	1	0.029927646	0.112480073	0	1	9.02E-05	0.494831989	0.01584014	0.580515041	0.001665636	0.058756353	0.000405772	0.023857632	0.441676352	0.147023424	0.026883202	0	0.252742575	0.149575115	0.028445282	0.0000302	0.0000186	0.044035364	0.025164962	0.033286046	0.013533321	0.206831971	0.030982432	0.031923765	0.018061049	0.011238183		0.79	5.984271922	0
HLA-DOB	1	0	0	0	1	0	1.84E-05	1.40E-05	0	0	0.199111051	0.002431774	0	0	1	0	0.001353601	0	1	0.000364279	1	0.011972131	0.000870818	4.62E-08	0.016488488	0	3.87E-12	0.037628749	0	0.040832938	0.046238986	0.043873143	0.270295971	0	0.023395665	0.066761623	0.038510266	0.031923765	0.033442621	0.035297031		0.07	5.761651643	0
ZBTB46	1	7.89E-11	0.00051536	0	1	0.029445515	0.637394445	0.006975627	3.14E-05	6.43E-05	0.020055132	0.01383141	0	0.67423921	1	0.004597042	0.018871026	0.00080685	0.286134967	0.051176666	0.303684529	0.02654217	0.037049013	0.00744638	0.029054762	0	0.320439634	0.065044842	1.06E-09	0.006116778	0.029081621	0.040080497	0.004432525	0	0.034048157	0.08520856	0.018995468	0.034127345	0.031052448	0.02206267		0.09	5.732368397	0
TNXB	0	1	3.01E-17	0	0	1	0	0.000639299	1.20E-10	0.605954277	0.016412141	0.42493623	0	1.63E-16	0	1	2.02E-05	0	1.22E-14	1	0	0.004564073	2.91E-05	2.98E-07	0.01762438	0	4.14E-06	0.0464133	0.03502588	0.335538064	0.00000431	0.000000271	0.032863291	0.036562199	0.003045762	0.039019858	0.034500319	0.036435124	0.02828248	1		0.04	5.598657123	0
RAD50	0.189057312	1	0.000157518	0.862084608	0.022009931	0.00054898	1.62E-07	0.004083648	0.071135828	0.250414075	0.034279568	0.02834716	2.31E-05	0	0.001652752	0.613178466	0.011868872	1	0.001257858	0.018074176	1.68E-08	0.01164673	0.130546971	0.001972909	0.041625371	0	1.12E-06	0.109875034	0.001343033	0.023107385	0.000467016	0.003755723	0.002773784	0.005730523	0.048363912	1	0.042238148	0.030860374	0.000407685	0.065724962		2.00	5.489383571	0
BACH2	0.000412077	9.87E-07	1	0.770208498	0.039007195	0.000290345	9.59E-11	0.003958362	0.034298669	0.000383863	0.030956424	0.05554005	1	0	0.001843983	0.006181911	0.57258591	0.003286899	0.001029694	0.058361376	0.057403974	0.026280001	0.051400943	8.28E-05	0.049431817	1	0	0.049394718	0.022110288	0.053491037	0.020511981	0.131516871	0.358323051	0.001311102	0.041201184	0.0000302	0.134130066	0.050923601	0.040956121	0.123749073		0.00	5.440836165	0
ZNF652	0.035541166	0.874124158	0.914644567	0	5.33E-05	7.79E-05	0.088954037	0.007978028	0.080583684	0.004346246	0.049092349	0.012872979	0.584488797	0.010415498	0.148742269	1	0.039249313	0.183199774	0.006818163	0.004622899	0.000218861	0.027360588	0.291093671	0.003143311	0.023629771	0	0.003756605	0.197436647	0.095984343	0.006196583	0.023096228	0.251859972	0.000115271	0.035816851	0.035807301	0.376330066	0.00439292	0.043947264	2.60E-11	0.026733654		0.56	5.417651173	0
SLC22A5	3.26E-09	0.016750151	0.000437429	1	8.90E-07	0.001589517	5.85E-07	0.010295703	0.002450161	0.00284538	0.024096942	0.020198641	9.86E-05	0	1.02E-05	0.408197392	0.00363246	1	0.000645083	0.008886631	8.07E-08	0.021939804	0.018698537	0.000111924	0.017609769	0	6.86E-08	0.097457868	0.224355245	0.064288073	0.080210382	1	0.045410066	0.125730296	0.034048157	1	0.039456144	0.052326106	0.014844849	0.078536716		2.00	5.229996083	0
PRPF3	4.57E-15	1	2.63E-08	5.20E-15	2.41E-17	0.302422688	6.14E-15	1.77E-05	1.42E-06	1	0.041652876	0.043601265	0	1	0	0.427723769	0.044013826	0.057644463	0.000292265	0.085031745	0.338846956	0.010526282	0.020857912	0.002100323	0.048596208	0.00247372	0.317672876	0.036550333	0.0000171	0	4.82E-17	7.53E-13	0.35324717	0.002778813	0.033432509	0.000396581	0.055579481	0.037270407	0.022266295	0.003644384		0.06	5.169898844	0
SLC2A4RG	1.51E-16	4.59E-06	2.06E-05	1	1.98E-13	0.000637163	0.029416924	0.004843767	5.43E-07	2.44E-08	0.017288455	0.030134506	0.054793366	0	1.91E-07	1	0.001670211	1	1.60E-05	0.028917181	0.002966826	0.010797907	0.020292873	0.001844348	0.012381234	0	0.000626461	0.145658262	0.121862441	0.273196211	0.291223647	1	0.02324886	0.052600022	0.018521352	0.018722279	0.0198083	0.030715302	0.000000914	0.103020419		1.02	5.16168632	0
STMN3	0	1	0.110982199	0	0	5.73E-13	0	0.001978672	0.000282436	0.485431883	0.065641283	0.125610613	1	0	0	1	0.001471854	0	1.51E-13	0.000159971	0	0.004878587	0.051560865	0.049770102	0.008986832	0.219059905	1.51E-08	0.138709284	0.02585585	0.551282438	0.001874589	0.0000106	0.012056272	0.038693629	0.00485296	0.01015189	0.001616152	0.020764987	0	0.046092576		0.01	4.909302729	0
UCKL1	1.03E-08	0.07619975	1.68E-15	1	1.58E-06	0.105702487	0	2.13E-07	3.48E-09	0.000803299	0.008629856	0.00677406	0	1	1.86E-08	0.129597316	0.000987365	1	1.59E-06	0.254886043	4.58E-16	0.002246961	0.04186666	3.78E-05	0.021388948	0	0.011639449	0.132045676	0.00000408	0	0.001240581	0.000860586	0.000539578	0.00000798	0.033820425	1	0.019278046	0.033389222	1.25E-12	0.094822311		2.00	4.829282297	0
CIART	0	1	1.15E-14	1	0	2.28E-05	0	0.000767244	0.016118652	1.37E-05	0.012741525	0.030556598	0	2.98E-11	3.14E-08	1	0.004496361	1	0.000170264	0.007416028	3.05E-08	0.012167635	0.123744987	0.001267671	0.042723584	0	0.000260296	0.110960859	0.11847272	0.017908824	0.056120266	0.011713487	0.021910736	0.09916417	0.042708529	0.088815885	0.05594973	0.036435124	0.018031064	0.034732841		1.09	4.820242892	0
CSF2	0.0012385	0.000392651	1	0	0.004279274	0.077669554	0.007205602	0.091955872	0.007740473	0.005762148	0.039853164	0.026195978	1	0.000105143	0.002261531	8.94E-05	0.837409528	0	0.006643331	0.112359077	0.005006873	0.040658962	0.015674213	0.001394737	0.028891788	1	0.003605288	0.040554793	0.055382349	0.070018928	0.036931582	0.051495639	0.040808236	0.038874612	0.037628749	0.039624169	0.43159286	0.030882736	0.161494077	0.109233718		0.04	4.727712105	0
D2HGDH	3.86E-05	2.68E-14	1	1	0	7.69E-14	0.653335109	0.002564307	2.51E-14	5.11E-08	0.010374822	0.001065627	0.462707237	0	0.014835399	0.002177358	0.029852737	1	6.41E-05	0.003690771	0.250984956	0.014982199	0.009943745	9.31E-06	0.012911351	0.075568169	0	0.075787129	0.000697939	0.014023189	0.002460384	0.007137688	0.000156537	0.003355418	0.029134875	1.69E-15	0.000228214	0.023091889	3.22E-11	0.035259477		1.00	4.677859043	#N/A
KIF3A	3.20E-13	0.001192781	0.010911842	5.72E-09	3.34E-13	0.00016544	0	0.002932248	1	0.079211379	0.054902499	0.029685344	1	0.240974712	2.82E-06	0.198098904	0.021199211	0.03339625	0.000321902	0.022175023	0	0.031103476	1	0.007025502	0.019479697	0.706640663	0.004095363	0.000454232	0.001645129	0.000000325	0.000136932	0.034018425	0.006060446	0.007517213	0.017429463	0.003600256	0.011255246	0.046185508	6.03E-18	0.028278313		0.04	4.534377487	0
MICB	0.40856891	0.339856752	0.050670532	0	0.335626421	0.007063939	0.138266827	0.010978426	2.43E-06	0.030746797	0.023134073	0.034219507	1	0.062142154	0.607680359	0.15567317	0.070092138	0	0.228065105	0.024166889	0.203980862	0.026092838	0.0272476	0.000981676	0.019954053	0.112237658	0.046669056	0.115236978	0.171661562	0.033069726	0.004110776	0.015630169	0.093998887	0.084875164	0.022098776	0.003785111	0.061650535	0.039935983	0.00000298	0.040483098		0.00	4.508585317	0
FKBPL	4.23E-05	0.005540326	0.000133695	0.002144919	2.83E-08	0.172723443	7.41E-07	0.006121937	0.001430875	0.525548622	0.027851626	0.128049749	0	1	8.74E-05	0.026011461	0.008159891	1	0.005454041	0.04578106	1.90E-05	0.020250785	0.035867518	0.052249061	0.027627055	0	0.094421032	0.061589588	0.003924238	4.82E-17	0.000229455	0.027746808	0.004207655	0.051846623	0.013023793	1	0.020828392	0.035108754	0.008450086	0.014694954		2.00	4.348084754	0
NCR3	4.66E-07	3.86E-07	1	0	4.39E-05	0.000497182	2.82E-06	0.013224246	0.005118771	0.000503006	0.034402816	0.025006182	1	4.21E-10	0.008772738	3.96E-06	0.644308566	0	0.014818799	0.009405117	0.0020607	0.024731826	0.01448454	0.00062153	0.027595333	1	0.000255266	0.032492635	0.139966036	0.040268651	0.036931582	0.035811774	0.0583915	0.076501414	0.034048157	0.033463536	0.058379285	0.037628749	0.00000245	0.037628749		0.03	4.313733408	0
HELZ2	0.004604445	1	0.012493963	0	0.088223742	0.000536785	0.458295349	6.51E-05	7.84E-17	0.012472825	0.028252629	0.07919413	0	0.201330838	0.022641825	0.754303905	0.00898196	0.771203414	0.010824044	0.031977821	0.244665376	0.014747853	0.026046768	0.008486875	0.026227833	0	0.053215783	0.096480827	7.28E-08	6.27E-10	0.00000663	0	0.00000153	0.00000008	0.008739908	0.314714079	0.00057323	0.030860374	4.22E-17	0.006427659		1.09	4.278736346	0
SLC22A4	2.87E-05	1	0.001026239	0	3.69E-05	0.242775627	0.081257195	0.017721336	0.005792143	0.00750193	0.028359738	0.036280336	9.08E-08	1	0.015811492	0.596710861	0.020993178	0.000677433	0.007100573	0.12391146	0.030461614	0.028720539	0.022209108	0.041799808	0.040797995	0	0.57649484	0.03642529	0.081384767	0.002896535	0.06884638	0.000284243	0.013502973	0.037092814	0.039730827	0.045289905	0.037760904	0.036435124	0.029141811	0.047075527		0.05	4.251922908	0
AP5B1	0.000677308	1	0.001112526	4.50E-08	0.000392087	0.000403562	1	0.009795401	0.028870321	0.537416087	0.033102326	0.058149309	0	0.00053632	0.036312087	0.033319668	0.016972264	0.529932935	0.032601538	0.041905452	0.185307046	0.026547538	0.1956533	0.013195257	0.038733474	0	0.025311743	0.111751439	0.010656233	0.004379731	0.0000002	0	0.000077	0.018532976	0.025086386	0.187114648	0.014733593	0.030860374	0.002581801	0.046238598		0.72	4.203846207	0
PRR5L	1.49E-05	0.012742205	0.985039532	0	1.46E-05	0.043260112	1.69E-05	0.017993131	0.001793537	0.002490575	0.03531631	0.038672595	1	1	0.004029357	0.202240431	0.128828401	0	0.009056008	0.161065123	0.006256321	0.027434007	0.021606724	0.010316107	0.028921928	0.068358559	0.061526676	0.040070058	0.031662364	0.0000706	0.032827959	0.078937149	0.035337951	0.03629888	0.029134875	0.038019252	0.01978974	0.035268076	3.54E-11	0.107953683		0.04	4.189353064	0
CCHCR1	0.161600914	0.010946904	0.000212433	1	2.15E-05	0.009412313	0.001633088	0.00718011	1	0.07602238	0.022052856	0.040875266	0	0.076383777	0.005854054	0.285891569	0.022115788	0.696896027	0.007473913	0.054115941	0.003539189	0.026790326	0.309408901	0.030278053	0.024599291	0	0.041064043	0.021226289	0.00000758	0.001281148	0.001993554	0.046500072	0.001520193	0.010185098	0.01966276	0.006108803	0.026689607	0.035157722	0.000104059	0.036575676		0.70	4.022854167	0
RPRD2	0.007503011	1	0.217910654	0	4.05E-10	0.060342273	1.19E-05	0.000958567	0.007848288	0.139487702	0.017942372	0.048815185	1	5.13E-05	0.00685333	0.467295439	0.010408868	0.274484795	0.000793344	0.073497532	0	0.039923717	0.142736917	0.02011212	0.053683099	0.019926785	0.001642166	0.109730549	0.000736061	0.000734483	0.000379326	3.70E-15	0.000307788	0.009772251	0.039549614	0.21671576	0.00138169	0.070368431	5.49E-13	0.02727714		0.49	3.990155157	0
ALPK2	1	7.58E-14	1.38E-07	0	1	2.95E-06	0.198291053	0.005662008	2.31E-05	2.58E-06	0.021187787	0.011153862	0	0	0.749459484	0.185840363	0.02288251	0.000779248	0.104174687	0.020575716	0.036311861	0.030214202	0.022317535	0.008186065	0.031659378	0	0.005617923	0.037628749	0	0.037243152	0.037628749	0.240865884	0.0000491	0	0.037628749	0.03473771	0.037628749	0.037628749	0.034399476	0.037628749		0.04	3.880124531	Y
SKIV2L	0.495404471	1	0.044338209	0	0.043436852	0.002829142	0.397574231	0.00371501	0.000220608	0.021298994	0.029898008	0.017377603	0.024206288	0.52983252	0.082382185	0.281915518	0.020511629	0.199665225	0.034504653	0.023752245	0.032801861	0.024992266	0.052109435	0.006247222	0.026471844	0	0.030334479	0.079106757	0.000157981	0.0000371	0.002900972	0.00000847	0.00010784	0.006765901	0.030743275	0.280242873	0.009660359	0.04004312	0.000000485	0.024979904		0.48	3.825891667	0
ST3GAL3	0.031947878	1	0.004211595	0	0.000517764	0.169737635	0.000718843	0.084873496	0.137300408	0.046661896	0.030410357	0.033495139	0.000152929	0.314131863	0.007365426	1	0.016491583	0.00084653	0.013237409	0.057248709	0.00119726	0.022262364	0.139783678	0.061073256	0.073717829	0	0.091669308	0.078457483	0.009689834	0.023084142	0.043586891	0.080943147	0.013450551	0.043240478	0.071334906	0.012917323	0.027676992	0.015113852	0.006451015	0.02562653		0.01	3.71575791	0
SCAF8	0.123818656	0.587545466	1.21E-07	1	0.111954302	5.75E-06	4.00E-05	0.000251359	3.32E-05	2.37E-06	0.010176588	0.00673819	0	0.004353801	0.008528472	0.427587847	0.064953969	0.805349399	0.000819058	0.120674759	0.002851346	0.010123318	0.010498206	0.000128912	0.032453382	0	0.158098547	0.031954178	0.0000725	0.064134455	0.020755508	0.001917165	0.007374789	0.0000136	0.047949887	0.000563253	0.118569132	0.034007528	0.007616103	0.195294649		0.81	3.661722431	Y
CHAC1	3.71E-05	0.000168286	0.000382346	9.56E-08	0.003808209	0.038659713	2.01E-05	0.02225539	0.001618079	0.000814937	0.110161321	0.017395961	0	1	0.022719117	0.00035491	0.044731914	0.372531277	0.025784735	0.034709521	0.015082106	0.035019693	0.046068634	0	0.025464683	0.004242195	0.52452944	0.098977088	0.156583084	1.31E-11	0.037592427	0.06130707	0.124705359	0.0664677	0.037628749	0.725341022	0.093010243	0.045100523	0.397480086	0.040621492		1.10	3.655162333	0
C2	1.62E-07	1	5.11E-05	0	3.26E-07	0.000197593	0.988279224	0.010588811	0.00056691	0.000893879	0.025135753	0.220770421	1.30E-15	2.21E-12	1.70E-06	1	0.00616973	1.12E-10	0.000353827	0.00604413	0.001785193	0.019612519	0.011486788	0.000904593	0.031796802	0	2.57E-06	0.055695819	0.032093787	0.038998112	0.063663843	0.000089	0.0000238	0.042090405	0.011478646	0.025468821	0.035681227	0.037628749	0.034568576	0.046608529		0.03	3.594244279	0
IL18RAP	0.015051271	1.69E-05	1	0	0.001658424	0.001473196	0.002335845	0.019739206	0.002440847	0.001415101	0.028386234	0.021238129	0.440338034	1.12E-07	0.02534327	0.00047114	0.739180009	0	0.013577782	0.017884701	0.022169279	0.036556196	0.019878353	0.00619652	0.0311374	0.830257003	0.004581763	0.037628749	0.02153378	0.040979623	0.038942668	0.03113684	0.03720729	0.026021311	0.037628749	0.039667291	1.86E-09	0.042604154	0.080183777	0.036839978		0.04	3.592072977	0
CRCT1	6.02E-05	0.000362276	0.001146531	1	0.000487681	0.002463112	0.000101935	0.018050348	0.031379798	0.003442002	0.029464802	0.022970277	1.42E-05	0	0.001816635	0.000304071	0.018335144	1	0.006308391	0.017702479	0.002547587	0.027320692	0.030562377	0.005171596	0.02967615	0	0.002934451	0.03630432	0.04717344	0.056103108	0.046119525	0.030981705	0.041317047	0.035714434	0.037628749	1	0.040821873	0.037628749	0.014315179	0.04513624		2.00	3.583965079	0
NOTCH4	2.97E-12	3.33E-09	6.46E-07	0	7.22E-10	0.0029132	5.35E-08	0.005918518	0.063832352	0.070839444	0.020698008	0.074645007	0	1	0.002840492	0.239504199	0.014441646	2.26E-05	0.005218114	0.068463868	0.002138765	0.025032173	0.205282151	0.037486871	0.037198353	0	1	0.110123437	0.058542972	6.03E-18	0.004346439	0.347416515	0.018716922	0.036319949	0.022267004	0.026835406	0.035084907	0.036435124	0.033102765	0.066592003		0.03	3.501045067	0
C11orf80	0.005341563	0	2.09E-07	1	0.244413287	5.93E-11	0	0.001419176	1.68E-07	1.56E-12	0.054422713	0.016492615	7.23E-17	0	0.005364666	1.97E-07	0.005346211	1	0.016027035	0.005545391	1.40E-07	0.012258683	0.010235195	1.67E-07	0.01676129	0	3.20E-05	0.055507945	0.002149003	0.018102365	0.041975049	0.26659691	0.009141544	0.000420428	0.022098776	0.685282474	0.020774875	0.029822216	0.0000286	0.063429235		1.69	3.494935164	Y
CNTNAP1	0.016723738	0.237875264	0.018479204	0	0.012280784	0.048256972	0.014660266	0.030955469	0.03158688	0.171303568	0.064312285	0.055912848	0.065203712	0.030335209	0.002858422	1	0.01958288	0	0.008939845	0.081332657	0.004346034	0.028840781	0.046168861	0.290909604	0.030749785	0.002093611	0.00736926	0.066390151	0.035998978	0.041304532	0.140870108	0.630581913	0.0360228	0.039650548	0.029134875	0.043620729	0.036646	0.036435124	0.047082336	0.09913821		0.04	3.384652573	0
TCHH	0.05964519	2.02E-07	2.80E-05	0.070648953	1	1	0.125251226	0.010588811	0.000886259	0.000158042	0.025135753	0.029180629	0	1.20E-10	0.040278649	0.190090474	0.025282381	0.016066649	0.266648431	0.047984325	0.024920657	0.030389901	0.03319442	0.017785575	0.031357035	0	0.017331352	0.042195517	0.001184074	0.033221821	0.041775401	0.160157477	0.000381933	1.06E-11	0.030712933	0.0000121	0.037628749	0.037628749	0.032280554	1.37E-11		0.02	3.372494189	0
PRRT1	0.002446426	0.305977299	0.012526351	0	0.003098341	0.026083539	0.004065115	0.023513078	0.018716703	1	0.028866431	0.039943494	0.001488449	0.065150106	0.00754309	0.391724954	0.025572262	0.003241024	0.015327277	0.020764988	0.00854131	0.038159352	0.022556744	0.662018588	0.032251047	0	0.078752487	0.03449401	0.042136954	0.089323428	0.014894996	0.126337994	0.03692073	0.043209611	0.03235036	0.03381399	0.038510266	0.045260694	0.029029707	0.030252033		0.04	3.291810528	0
TARS2	0.611007462	0.993096845	0.013383217	0	0.274248779	0.012864206	0.063537378	0.024022296	0.015628828	0.005731112	0.020565305	0.026404843	0.004064467	0.181774773	0.025208189	0.075358474	0.028345044	0.215591619	0.034374183	0.056786498	0.004011487	0.02094018	0.144349785	0.006851296	0.023773314	0	0.028008171	0.109329152	0.00000497	0.000561412	0.011789335	0.000000138	0.000432127	0.001249635	0.027615168	0.189333323	0.022732748	0.024107195	0.000255709	0.042996621		0.40	3.250243011	0
TDRD10	0.001756968	0.156224318	0.007036179	0	0.0036849	0.489727101	0.116155063	0.026822411	0.01179309	0.008296161	0.032435384	0.031908188	5.40E-05	1	0.012588151	0.155903872	0.025404841	0.004224374	0.017981674	0.212972561	0.020273983	0.030559851	0.024991164	0.01398286	0.031536737	0	0.408810916	0.036713716	0.039447507	0.010876148	0.038536691	0.031233291	0.007179774	0.035307122	0.035807301	0.037140975	0.036646	0.036435124	0.037395099	0.059127536		0.04	3.1173673	0
TCF19	0.010807891	0	0.005275819	0.499134478	0.001119407	0.190733837	0.000546696	0.01622663	0.06038364	0.015904745	0.034100305	0.02148015	0.092129284	0.057572352	0.007798363	0.089717373	0.024014632	0.596335784	0.051339277	0.028357457	0.00099696	0.024399277	0.182368445	0.010321227	0.027190171	0	0.023389863	0.146667217	0.023218486	0.021645443	0.029639573	0.245539176	0.019780322	0.105623644	0.035807301	0.217349505	0.039045131	0.035268076	0.001508024	0.011388918		0.81	2.91691473	0
PUS10	0.103899623	0.017881479	0.033192376	0.323318155	0.042051529	0.312736854	0.005269257	0.022288782	0.003789324	0.001743696	0.027517332	0.023049359	0	0.053415616	0.023408993	0.016019401	0.027336454	0.894509753	0.059186252	0.039072418	0.01173868	0.027173422	0.046291204	0.006993192	0.039138992	0	0.039662148	0.073544147	0.008996681	0.026940278	0.047486324	0.023627694	0.026825194	0.047579085	0.045675734	0.361756944	0.026734983	0.033012664	0.013279728	0.008735645		1.26	2.863116372	0
LIME1	1.13E-08	8.39E-09	0.030219836	3.71E-10	1.70E-07	0.000131231	1.45E-07	0.015439158	0.000446094	0.000163424	0.105553216	0.015631645	1	0	1.12E-12	0	0.025891844	4.74E-14	7.23E-08	0.000408206	1.15E-10	0.009984655	0.000844874	1.93E-11	0.020753484	1	2.59E-14	0.048043721	0.093974598	0.048637363	0.039250751	0.042791166	0.060180539	0.045244915	0.047867372	0.208040193	0.105267301	0.033012664	1	0.052595427		0.21	2.859498692	0
PDCD1	6.00E-07	1.28E-10	0.000908231	0	3.03E-06	0.154529771	3.00E-06	0.011524085	0.000218134	6.66E-05	0.039222665	0.014809271	1	1.20E-14	0.000133592	2.11E-16	0.008574462	0	1.26E-05	0.005900926	0.000571226	0.015399795	0.00269435	1.49E-07	0.01966	1	2.63E-09	0.040554793	0.159618834	0.035852876	0.035564255	0.034840494	0.138651807	0.022284401	0.037628749	0.038236953	0.045643006	0.035268076	0.154873327	0.008679784		0.04	2.817465635	0
MXD3	0.00114159	0.007563976	0.10737345	0.068248058	0.003810116	1	0.044882034	0.024320948	0.007694011	0.005973539	0.083165456	0.020731811	0.082117001	0	0.000547203	0.102065085	0.025080485	0.247112583	0.026058755	0.246830056	0.000780077	0.027880021	0.038604572	0.004901809	0.023135194	0	0.004332625	0.065081843	0.032738716	0.034990776	0.042474587	0.133121312	0.00908771	0.057674665	0.037628749	0.167405007	0.022251915	0.040029717	0.006415196	0.017490367		0.41	2.78455382	0
MEIKIN	0.293347118	0.008986542	0.0167378	0	0.090127832	0.018542873	1	0.029387722	0.020515946	0.018425639	0.033600687	0.031341592	0.00294564	0.004984859	0.340770119	0.006849901	0.023082666	0.004517344	0.175047116	0.021816234	0.070111689	0.026804521	0.022777471	0.013567711	0.02749461	0	0.011261197	0.037628749	0.106094992	0.037628749	0.037628749	0.038364295	0.001144568	0.124309189	0.037628749	0.037493406	0.037381369	0.037628749	0.037146071	0.037628749		0.04	2.770966275	0
GMEB2	0.060572281	0.164123351	0.00436149	0.170697916	0.058202708	0.005921418	0.063110807	0.013805599	0.002233341	0.034900731	0.041281317	0.01937126	0	0.081684648	0.048884127	0.001903469	0.009680939	0.589189514	0.130272315	0.018834132	0.072587086	0.02529751	0.009671978	0	0.042178869	0.000958448	0.033599993	0.03931574	0.073748336	0.053546998	0.011021954	0.005588934	0.091218116	0.149604674	0.057344926	0.508963102	0.027711727	0.042604154	0.137830259	0.05049772		1.10	2.693678027	0
ZNF365	0.003157363	0.002950049	0.021963946	0	0.004298438	0.011443702	0.006399785	0.026384301	0.017114909	0.011762263	0.042095754	0.029509659	1	0.00092253	0.003137925	0.000379714	0.028289121	0	0.007624216	0.016134165	0.004757035	0.028530404	0.02019265	0.003718314	0.030527767	1	0.002065937	0.038172624	0.046705436	0.038179175	0.036931582	0.046438437	0.037933424	0.039043387	0.037628749	0.043887267	0.043363519	0.037628749	0.098002419	0.037628749		0.04	2.688280028	0
RORC	0.000189431	0.000124356	0.056573053	1	0.000494992	0.00409657	0.000353705	0.02047063	0.006333893	0.00440804	0.039169887	0.024938835	0.698508071	0	0.006326256	0	0.040093009	0.241638658	0.012135181	0.018642869	0.008000549	0.032991492	0.019882793	0.008532307	0.026119822	0.065925612	0.00646721	0.037169279	0.039036674	0.038374928	0.036243435	0.036942681	0.037020724	0.037360115	0.037628749	0.004258573	0.032468369	0.045260694	0.0000449	0.037628749		0.25	2.646452379	0
IL2	0.000133319	0.000107873	0.048635955	0	0.000435834	0.003550495	0.000233555	0.019808934	0.005357508	0.003457921	0.030337675	0.024408702	1	6.03E-06	0.000377919	4.98E-06	0.046399759	0	0.002843464	0.010329419	0.001078621	0.025366742	0.012590756	0.000868141	0.028109183	1	0.000319202	0.037628749	0.044501975	0.038374928	0.037628749	0.036404059	0.04409647	0.037678981	0.037628749	0.037048076	0.056928104	0.037628749	0.035405038	0.037628749		0.04	2.615752724	0
OVOL1	0	0	0	1	0	0	0	5.20E-05	2.19E-13	0	0.015558825	0.001824225	0	0	1.61E-13	0	0.000726508	1	1.26E-07	0.000239376	8.51E-11	0.010674323	0.000947685	6.11E-11	0.029618274	0	2.02E-14	0.028177843	0.059051179	0.037531404	0.033845604	0.02702279	0.046166072	0.028534665	0.052637932	0.0920233	0.030905283	0.037628749	0.017652351	0.037726523		1.09	2.46463209	0
BBS12	0.013373952	0.372004706	0.013652761	0	0.001862245	0.576214652	0.005309005	0.027945641	0.027813233	0.077630295	0.029851984	0.075783324	0.06664746	0.397923988	0	0.116950535	0.013403109	0.046388427	0.005977297	0.035066534	0.001636963	0.019146604	0.057237608	0.014870137	0.020777779	0.00979858	0.054715336	0.063135509	0.015347914	0.007219407	0.010478693	0.005466618	0.024091628	0.034635939	0.022098776	0.115524654	0.028309971	0.033012664	0.006653704	0.004000118		0.16	2.379981293	0
AGER	0.501835567	0.001784042	0.162511826	0	0.123768511	0.00484405	0.275738212	0.019622547	0.006404542	0.01862656	0.035114535	0.0383472	0.355244721	0.023823242	0.234137296	0	0.016701589	0.003351675	0.023164032	0.009336559	0.135567251	0.016433157	0.023714003	0.015390661	0.028657202	0.00959622	0.004345482	0.047262648	0.017072812	0.008866147	0.027260574	0.02631374	0.021309751	0.00976194	0.037944308	0.05406617	0.012100877	0.034127345	0.000104985	0.031914489		0.06	2.337918772	0
IL22	0.010807028	0.010137285	0.018162728	0	0.012394809	0.017339834	0.011730796	0.023341157	0.018515953	0.017268441	0.025437283	0.024325984	0.364055424	0.007057711	0.000499934	1.76E-11	0.011623632	0	0.001443335	0.003142274	0.000225724	0.018817959	0.004775308	7.99E-06	0.02266268	1	5.49E-07	0.037628749	0.176142474	0.038571449	0.037628749	0.038819021	0.097080995	0.084697379	0.037628749	0.040090457	0.058580891	0.037628749	1	0.037628749		0.04	2.212061845	0
IL13	0.011909304	0.010296052	0.03517773	0	0.013397105	0.018133046	0.011212876	0.026906602	0.018526727	0.018047876	0.026142142	0.024910732	0.359955328	0.006295086	0.000511222	3.82E-06	0.081644769	0	0.00319021	0.009858812	0.001279676	0.025047751	0.013534566	0.000791857	0.02785133	1	0.000238209	0.040554793	0.051423057	0.037628749	0.037828056	0.039318644	0.050035932	0.042619463	0.037628749	0.038596089	0.134558034	0.036435124	1	0.037232915		0.04	2.120496362	0
POU5F1	0.005358821	0.023101444	0.01141831	0.647435019	0.006925548	0.013663472	0.005505549	0.026379409	0.017995874	0.469566428	0.03270551	0.033408695	0	0.007934816	0.011291635	0.016740807	0.02024616	0.174107688	0.018863549	0.019219444	0.011934519	0.023225938	0.019999366	0.037942111	0.023772792	0	0.018866227	0.035370329	0.034225041	0.032360361	0.000432197	0.022516409	0.034656822	0.038595878	0.035807301	0.016932419	0.036403127	0.037628749	0.033545352	0.036449931		0.19	1.948505888	0
EGFL8	0.002931355	0.160485656	0.017062803	0.046631864	0.00279672	0.04254701	0.005535319	0.030374537	0.029730966	0.215816898	0.028444602	0.055552461	0	0.112318262	0.008547483	0.090525017	0.031955408	0.075391212	0.014439681	0.043925071	0.012290783	0.03042969	0.047057155	0.060322002	0.031731673	0	0.260648166	0.051642799	0.033676528	0.179164518	0.010554468	0.032128694	0.034087249	0.035049182	0.027615168	0.076002113	0.040810239	0.034127345	0.025408283	0.043974539		0.15	1.937412513	0
LCE1C	0.006497198	0.005051483	0.013500306	0.954475498	0.009948284	0.015461044	0.007488353	0.027212562	0.021938739	0.0153372	0.031899316	0.029379321	0	0.00206461	0.011665798	0.005706541	0.020003243	0.266695913	0.019009361	0.019041277	0.014040791	0.022786376	0.019772161	0.012540166	0.023295821	0	0.012231704	0.035370329	0.038411177	0.039330583	0.037628749	0.037628749	0.039075623	0.03998279	0.037628749	0.030376138	0.037381369	0.037628749	0.037162457	0.037628749		0.30	1.922475953	0
HSPA1L	0.023498624	0.030686239	0.033562026	0	0.027389999	0.029969971	0.065658309	0.027290897	0.014391945	0.014594485	0.026018956	0.027871201	0.146235557	0.009228427	0.178358326	0.070940504	0.023063173	0.000369985	0.01786394	0.049419318	0.056317055	0.02346048	0.031307535	0.01771712	0.024602091	0	0.022038706	0.052060133	0.184597357	0.055151164	0.049050554	0.086907869	0.055881782	0.035727641	0.035807301	0.036101517	0.035202473	0.035268076	0.008436779	0.062302223		0.04	1.583140187	0
ACOXL	0.129952342	0.021768244	0.16008653	0	0.549924931	0.01608282	0.034717948	0.031250062	0.017732238	0.015944876	0.042970471	0.030998183	0.093235836	0.004180855	0.007225065	0.003747718	0.002796343	0	0.007828175	0.002527552	0.004073191	0.003551607	0.002732156	0.001800739	0.003686497	0.007502464	0.003140965	0.037628749	0.007519111	0.036954184	0.037827695	0.022723592	0.022022364	0.001863734	0.037628749	0.037774696	0.016398984	0.036435124	0.005377085	0.037232915		0.04	1.441400682	0
RTEL1	0.042270779	0.158850351	0.019124155	0	0.018527024	0.039725504	0.035324927	0.027864095	0.031255404	0.047084835	0.028989469	0.026826239	0.018509164	0.061328868	0.02500995	0.070341953	0.013600568	0.014656594	0.011292947	0.019521934	0.005110183	0.014667549	0.013094433	0.02358161	0.015418888	0	0.015839297	0.034129535	0.040353546	0.029505123	0.034195727	0.027010607	0.02697086	0.038751771	0.037628749	0.060646444	0.038011405	0.036435124	0.034424522	0.03721942		0.08	1.127009082	0
ACSL6	0.015008022	0.034684151	0.024098317	0	0.014580185	0.019953448	0.01286743	0.024385859	0.018352566	0.02447313	0.027564605	0.030369097	0.29547685	0.01472362	0.004455405	0.002221574	0.01063785	0	0.006017184	0.006836116	0.003981513	0.008854153	0.010341967	0.004247907	0.009122904	0.054259739	0.0029142	0.040070058	0.034161993	0.03090539	0.031852465	0.022620686	0.035335913	0.035825028	0.035807301	0.034482583	0.037264248	0.037628749	0.006967337	0.035678466		0.03	0.981489209	0
OPRL1	0.130184487	0.012980694	0.015562227	0	0.025762372	0.023994805	0.050566388	0.023580791	0.02094825	0.016728398	0.022714754	0.021522235	0.024375851	0.018492126	0.04953229	0.017221691	0.008444517	0.00241822	0.013149124	0.019349846	0.008137748	0.010042861	0.021787145	0.007350478	0.010331094	0	0.006561345	0.04749842	0.028807021	0.033595127	0.038228862	0.046644535	0.024935969	0.03708565	0.037628749	0.038195103	0.036646	0.036435124	0.026644702	0.04389499		0.04	0.914359173	0