GWAS_locus	Cytoband	Lead_SNP	Gene	Novel_loci	Nearest_gene	V2G	DEPICT	MAGMA	cis_espQTL	trans_pQTL	Coding_CS	Coding_LD	Coding_Lit	OMIM	DEG_AD
1	1p36.23	rs10779704	ENO1	0	0	0	0	0	1	0	0	0	0	0	1
1	1p36.23	rs10779704	PARK7	0	0	0	0	0	1	1	0	0	0	0	0
1	1p36.23	rs10779704	RERE	0	1	1	0	1	1	0	0	0	0	0	0
1	1p36.23	rs10779704	RERE-AS1	0	0	0	0	0	1	0	0	0	0	0	0
2	1p36.22	rs57533288	H6PD	0	0	0	1	0	1	1	0	0	0	1	0
2	1p36.22	rs57533288	SPSB1	0	1	1	0	0	1	0	0	0	0	0	0
3	1p36.22	rs11121848	KIAA2013	0	0	0	0	0	1	0	0	0	0	0	0
3	1p36.22	rs11121848	MASP2	0	0	0	0	0	1	0	0	0	0	1	0
3	1p36.22	rs11121848	MFN2	0	0	1	0	0	1	0	0	0	0	0	0
3	1p36.22	rs11121848	MIIP	0	1	0	0	0	1	0	0	0	0	0	0
3	1p36.22	rs11121848	PLOD1	0	0	0	0	0	1	0	0	0	0	1	0
3	1p36.22	rs11121848	TNFRSF8	0	0	0	1	0	0	0	0	0	0	0	0
4	1p36.11	rs4265380	ENSG00000261025	0	0	0	0	0	1	0	0	0	0	0	0
4	1p36.11	rs4265380	RCAN3	0	0	0	0	0	1	0	0	0	0	0	0
4	1p36.11	rs4265380	RUNX3	0	1	1	1	1	1	0	0	0	0	0	0
5	1p36.11	rs11247907	CD52	1	1	0	0	0	1	0	0	0	0	0	0
5	1p36.11	rs11247907	CEP85	1	0	0	0	0	0	0	0	1	0	0	0
5	1p36.11	rs11247907	SH3BGRL3	1	0	0	0	0	1	0	0	0	0	0	1
5	1p36.11	rs11247907	UBXN11	1	0	1	0	0	1	0	0	0	0	0	0
5	1p36.11	rs11247907	ZNF593	1	0	0	0	0	1	0	0	0	0	0	0
6	1p13.3	rs12565349	EPS8L3	0	1	0	0	0	0	0	0	0	0	1	0
6	1p13.3	rs12565349	GSTM3	0	0	1	0	0	0	0	0	0	0	0	1
7	1q21.2	rs193099908	APH1A	0	0	0	1	0	0	0	0	0	0	0	0
7	1q21.2	rs193099908	C1orf51	0	1	0	0	0	0	0	0	0	0	0	0
7	1q21.2	rs193099908	C1orf54	0	0	0	0	1	1	0	0	0	0	0	0
7	1q21.2	rs193099908	CA14	0	0	1	0	0	0	0	0	0	0	0	0
7	1q21.2	rs193099908	CIART	0	0	0	0	1	1	0	0	0	0	0	0
7	1q21.2	rs193099908	ECM1	0	0	0	0	1	0	0	0	4	0	1	0
7	1q21.2	rs193099908	MRPS21	0	0	0	0	1	1	0	0	0	0	0	0
7	1q21.2	rs193099908	PIP5K1A	0	0	0	0	0	1	0	0	0	0	0	0
7	1q21.2	rs193099908	PRPF3	0	0	0	0	1	0	0	0	0	0	0	0
7	1q21.2	rs193099908	RPRD2	0	0	0	0	1	0	0	0	0	0	0	0
7	1q21.2	rs193099908	ST3GAL3	0	0	0	0	1	0	0	0	0	0	0	0
7	1q21.2	rs193099908	TARS2	0	0	0	0	1	1	0	0	0	0	1	0
8	1q21.3	rs558269137	C2CD4D-AS1	0	0	0	1	0	0	0	0	0	0	0	0
8	1q21.3	rs558269137	CGN	0	0	0	0	0	0	0	0	2	0	0	0
8	1q21.3	rs558269137	CRCT1	0	0	0	0	1	0	0	0	0	0	0	0
8	1q21.3	rs558269137	CTSS	0	0	0	0	0	1	0	0	0	0	0	0
8	1q21.3	rs558269137	ENSG00000231073	0	0	0	0	0	1	0	0	0	0	0	0
8	1q21.3	rs558269137	FLG	0	1	0	0	0	0	0	1	11	1	1	1
8	1q21.3	rs558269137	FLG2	0	0	0	0	0	0	0	0	0	0	1	1
8	1q21.3	rs558269137	HRNR	0	0	0	0	0	0	0	0	8	0	0	1
8	1q21.3	rs558269137	KPRP	0	0	0	0	0	0	0	0	2	0	0	0
8	1q21.3	rs558269137	LCE1C	0	0	0	0	1	0	0	0	0	0	0	0
8	1q21.3	rs558269137	LCE1D	0	0	0	0	1	0	0	0	2	0	0	0
8	1q21.3	rs558269137	LCE5A	0	0	0	0	1	0	0	0	0	0	0	1
8	1q21.3	rs558269137	NUP210L	0	0	0	0	0	1	0	0	0	0	0	0
8	1q21.3	rs558269137	RORC	0	0	0	1	1	0	0	0	0	0	1	1
8	1q21.3	rs558269137	S100A11	0	0	0	0	0	0	0	0	0	0	0	1
8	1q21.3	rs558269137	SPRR2E	0	0	0	0	0	0	0	0	0	0	0	1
8	1q21.3	rs558269137	SPRR2F	0	0	0	0	1	0	0	0	1	0	0	1
8	1q21.3	rs558269137	TCHH	0	0	0	0	1	0	0	0	2	0	0	0
8	1q21.3	rs558269137	THEM5	0	0	0	0	0	0	0	0	1	0	0	0
9	1q21.3	rs4129267	ATP8B2	0	0	0	0	0	1	0	0	0	0	0	0
9	1q21.3	rs4129267	IL6R	0	0	1	1	1	1	0	0	2	1	1	0
9	1q21.3	rs4129267	IL6R-AS1	0	0	0	0	0	1	0	0	0	0	0	0
9	1q21.3	rs4129267	SCAMP3	0	0	0	0	0	1	0	0	0	0	0	0
9	1q21.3	rs4129267	SHE	0	1	0	0	1	0	0	0	0	0	0	0
9	1q21.3	rs4129267	SLC27A3	0	0	0	0	0	1	0	0	0	0	0	0
9	1q21.3	rs4129267	TDRD10	0	0	0	0	1	1	0	0	1	0	0	0
10	1q23.3	rs71579673	CASQ1	0	0	0	0	0	1	0	0	0	0	0	0
10	1q23.3	rs71579673	CD84	0	0	1	0	0	1	0	0	0	0	0	0
10	1q23.3	rs71579673	COPA	0	0	0	0	0	0	0	0	0	0	1	0
10	1q23.3	rs71579673	NCSTN	0	0	0	0	0	0	0	0	0	0	1	0
10	1q23.3	rs71579673	NDUFS2	0	0	0	0	0	1	0	0	0	0	0	0
10	1q23.3	rs71579673	NHLH1	0	0	0	0	0	1	0	0	0	0	0	1
10	1q23.3	rs71579673	SLAMF1	0	0	0	1	1	0	0	0	0	0	0	1
10	1q23.3	rs71579673	SLAMF6	0	1	0	0	0	0	0	0	0	0	0	1
11	1q24.3	rs34259929	ENSG00000224228	0	0	0	0	0	1	0	0	0	0	0	0
11	1q24.3	rs34259929	ENSG00000226375	0	0	0	0	0	1	0	0	0	0	0	0
11	1q24.3	rs34259929	FASLG	0	1	0	1	0	0	0	0	0	0	1	1
11	1q24.3	rs34259929	RABGAP1L	0	0	0	0	0	1	0	0	0	0	0	0
11	1q24.3	rs34259929	RP1-15D23.2	0	0	0	0	0	0	0	0	0	0	0	1
11	1q24.3	rs34259929	TNFSF18	0	0	0	0	0	1	0	0	0	0	0	1
11	1q24.3	rs34259929	TNFSF4	0	0	0	1	1	1	0	0	0	0	0	0
12	1q32.3	rs906364	BATF3	0	1	0	0	1	0	0	0	0	0	0	1
12	1q32.3	rs906364	TATDN3	0	0	1	0	0	0	0	0	0	0	0	0
13	2p25.1	rs346835	ID2	0	1	1	0	0	0	0	0	0	0	0	0
13	2p25.1	rs346835	LINC00299	0	0	0	1	0	1	0	0	0	0	0	1
14	2p23.2	rs10199829	ENSG00000270210	0	0	0	0	0	1	0	0	0	0	0	0
14	2p23.2	rs10199829	ENSG00000270640	0	0	0	0	0	1	0	0	0	0	0	0
14	2p23.2	rs10199829	FOSL2	0	1	1	1	1	1	0	0	0	0	0	0
14	2p23.2	rs10199829	GPN1	0	0	0	0	0	1	0	0	0	0	0	0
15	2p16.1	rs13033143	NONOP2	0	0	0	0	0	1	0	0	0	0	0	0
15	2p16.1	rs13033143	PEX13	0	0	0	0	1	1	0	0	0	0	0	0
15	2p16.1	rs13033143	PUS10	0	0	0	1	1	1	0	0	0	0	0	0
15	2p16.1	rs13033143	REL	0	1	0	1	1	1	0	0	0	0	1	0
15	2p16.1	rs13033143	SANBR	0	0	1	0	0	0	0	0	0	0	0	0
16	2p13.3	rs112346568	CD207	0	1	0	1	0	1	0	0	0	0	0	0
16	2p13.3	rs112346568	CLEC4F	0	0	1	0	0	0	0	0	0	0	0	0
16	2p13.3	rs112346568	NAGK	0	0	0	0	0	1	0	0	0	0	0	0
17	2q12.1	rs4851586	ENSG00000234389	0	0	0	0	0	1	0	0	0	0	0	0
17	2q12.1	rs4851586	ENSG00000236525	0	0	0	0	0	1	0	0	0	0	0	0
17	2q12.1	rs4851586	IL18R1	0	0	0	1	1	1	0	0	0	0	0	0
17	2q12.1	rs4851586	IL18RAP	0	0	0	1	1	1	0	0	0	0	0	1
17	2q12.1	rs4851586	IL1R1	0	0	0	1	1	1	0	0	0	0	0	0
17	2q12.1	rs4851586	IL1RL1	0	0	1	1	1	1	0	0	13	1	0	1
17	2q12.1	rs4851586	SLC9A4	0	1	0	0	1	0	0	0	4	1	0	0
18	2q13	rs10183338	ACOXL	0	1	0	0	1	0	0	1	2	0	0	0
18	2q13	rs10183338	BCL2L11	0	0	1	0	0	1	0	0	0	0	0	0
18	2q13	rs10183338	LINC01106	0	0	0	0	0	1	0	0	0	0	0	0
18	2q13	rs10183338	LINC01123	0	0	0	0	0	1	0	0	0	0	0	0
19	2q13	rs112385344	ANAPC1	0	1	0	0	0	0	0	0	0	0	1	0
19	2q13	rs112385344	MERTK	0	0	1	0	0	0	0	0	0	0	0	1
19	2q13	rs112385344	MIR4435-2HG	0	0	0	0	0	1	0	0	0	0	0	1
19	2q13	rs112385344	SOCAR	0	0	0	0	0	1	0	0	0	0	0	0
20	2q14.1	rs2708931	IL1A	0	0	0	0	0	1	0	0	0	0	0	0
20	2q14.1	rs2708931	IL1B	0	0	1	0	0	0	0	0	0	0	0	0
20	2q14.1	rs2708931	IL36A	0	0	0	1	0	0	1	0	0	0	0	1
20	2q14.1	rs2708931	IL36G	0	0	0	1	0	1	0	0	0	0	0	1
20	2q14.1	rs2708931	IL37	0	1	0	1	0	0	1	0	0	0	0	1
20	2q14.1	rs2708931	PAX8	0	0	0	0	0	1	0	0	0	0	0	0
20	2q14.1	rs2708931	PSD4	0	0	0	0	0	1	0	0	0	0	0	0
21	2q32.2	rs10195173	ENSG00000228509	1	0	0	0	0	1	0	0	0	0	0	0
21	2q32.2	rs10195173	ENSG00000235852	1	0	0	0	0	1	0	0	0	0	0	0
21	2q32.2	rs10195173	GLS	1	0	1	0	0	1	0	0	0	0	1	0
21	2q32.2	rs10195173	NAB1	1	1	0	1	1	1	0	0	0	0	0	0
22	2q33.1	rs140759564	PPIL3	1	0	1	0	0	0	0	0	0	0	0	0
22	2q33.1	rs140759564	STRADB	1	1	0	0	0	0	0	0	0	0	0	0
22	2q33.1	rs140759564	TRAK2	1	0	0	0	0	1	0	0	0	0	0	0
23	2q37.1	rs56404638	ATG16L1	0	1	0	0	0	0	0	0	0	0	0	0
23	2q37.1	rs56404638	INPP5D	0	0	1	1	0	1	0	0	2	0	0	0
24	2q37.3	rs34290285	ATG4B	0	0	0	0	0	1	0	0	0	0	0	0
24	2q37.3	rs34290285	D2HGDH	0	0	1	0	1	1	0	0	2	0	0	0
24	2q37.3	rs34290285	DTYMK	0	0	0	0	0	1	0	0	0	0	0	0
24	2q37.3	rs34290285	ENSG00000224272	0	0	0	0	0	1	0	0	0	0	0	0
24	2q37.3	rs34290285	FAM240C	0	0	0	0	0	1	0	0	1	0	0	0
24	2q37.3	rs34290285	GAL3ST2	0	1	0	0	1	1	1	0	0	0	0	0
24	2q37.3	rs34290285	ING5	0	0	0	0	0	1	0	0	0	0	0	0
24	2q37.3	rs34290285	NEU4	0	0	0	1	0	0	0	0	0	0	0	0
24	2q37.3	rs34290285	PDCD1	0	0	0	1	1	1	0	0	0	0	0	1
24	2q37.3	rs34290285	RTP5	0	0	0	0	0	0	0	0	2	0	0	0
25	3p26.1	rs11130215	BHLHE40	0	1	1	1	0	1	0	0	0	0	0	0
26	3p24.3	rs9683201	ENSG00000272477	0	0	0	0	0	1	0	0	0	0	0	0
26	3p24.3	rs9683201	SATB1	0	1	1	1	1	1	0	0	0	0	0	0
26	3p24.3	rs9683201	TBC1D5	0	0	0	1	0	0	0	0	0	0	0	0
27	3p24.3	rs11914608	SATB1_	0	1	1	0	0	0	0	0	0	0	0	0
28	3p22.3	rs35570272	CCR4	0	1	1	0	0	0	0	0	0	0	0	1
28	3p22.3	rs35570272	GLB1	0	0	0	1	1	1	0	0	0	0	1	0
28	3p22.3	rs35570272	TMPPE	0	0	0	0	1	0	0	0	0	0	0	0
29	3p13	rs35870054	FOXP1	0	1	1	1	1	0	0	0	0	0	0	0
30	3q13.2	rs12637953	CCDC80	0	1	0	0	0	0	0	0	0	0	0	0
30	3q13.2	rs12637953	CD200R1	0	0	0	0	0	1	0	0	0	1	0	1
30	3q13.2	rs12637953	GTPBP8	0	0	0	0	0	1	0	0	0	0	0	0
30	3q13.2	rs12637953	NEPRO	0	0	1	0	0	1	0	0	0	0	1	0
31	4q27	rs370034603	ADAD1	0	0	0	0	1	0	0	0	0	0	0	0
31	4q27	rs370034603	BBS12	0	0	0	1	1	0	0	0	2	0	0	0
31	4q27	rs370034603	IL2	0	0	0	1	1	0	0	0	0	0	0	0
31	4q27	rs370034603	IL21	0	0	0	1	1	0	0	0	0	0	1	0
31	4q27	rs370034603	KIAA1109	0	1	1	0	1	0	0	0	0	0	0	0
32	5p15.2	rs16903574	FAM105A	0	0	0	1	0	0	0	1	0	0	0	0
32	5p15.2	rs16903574	FAM105B	0	1	0	0	0	0	0	0	0	0	0	0
32	5p15.2	rs16903574	OTULINL	0	0	1	0	0	0	0	0	2	0	0	0
33	5p13.2	rs1494564	CAPSL	0	0	0	1	1	0	0	0	0	0	0	0
33	5p13.2	rs1494564	CAPSL-DT	0	0	0	1	0	0	0	0	0	0	0	0
33	5p13.2	rs1494564	IL7R	0	1	1	1	1	1	0	0	6	0	1	1
33	5p13.2	rs1494564	LMBRD2	0	0	0	0	0	1	0	0	0	0	0	0
33	5p13.2	rs1494564	SPEF2	0	0	0	1	0	0	0	0	0	0	0	1
33	5p13.2	rs1494564	UGT3A1	0	0	0	0	1	0	0	0	0	0	0	1
34	5q11.2	rs7731626	ANKRD55	1	0	1	0	0	1	0	0	0	0	0	0
34	5q11.2	rs7731626	ENSG00000249236	1	0	0	0	0	1	0	0	0	0	0	0
34	5q11.2	rs7731626	IL6ST	1	1	0	0	0	1	0	0	0	0	4	0
34	5q11.2	rs7731626	RNU6-299P	1	0	0	0	0	1	0	0	0	0	0	0
35	5q22.1	rs28874883	CAMK4	0	0	0	0	0	1	0	0	0	0	0	0
35	5q22.1	rs28874883	SLC25A46	0	1	1	0	0	0	0	0	0	0	0	0
35	5q22.1	rs28874883	TMEM232	0	0	0	0	0	0	0	0	0	0	0	1
36	5q31.1	rs1295686	ACSL6	0	0	0	0	1	0	0	0	0	0	0	0
36	5q31.1	rs1295686	C5orf56	0	0	0	1	0	0	0	0	0	0	0	0
36	5q31.1	rs1295686	CCNI2	0	0	0	0	1	0	0	0	0	0	0	0
36	5q31.1	rs1295686	CDC42SE2	0	0	0	1	1	0	0	0	0	0	0	0
36	5q31.1	rs1295686	CSF2	0	0	0	1	1	0	0	0	2	0	0	1
36	5q31.1	rs1295686	FNIP1	0	0	0	1	1	0	0	0	0	0	1	0
36	5q31.1	rs1295686	GDF9	0	0	0	0	0	1	0	0	0	0	0	0
36	5q31.1	rs1295686	IL13	0	1	1	1	1	1	0	0	3	1	0	1
36	5q31.1	rs1295686	IL3	0	0	0	1	0	0	0	0	2	0	0	0
36	5q31.1	rs1295686	IL4	0	0	0	1	1	0	0	0	0	0	0	0
36	5q31.1	rs1295686	IL5	0	0	0	1	1	0	0	0	0	0	0	0
36	5q31.1	rs1295686	KIF3A	0	0	0	0	1	0	0	0	3	0	0	0
36	5q31.1	rs1295686	MEIKIN	0	0	0	0	1	0	0	0	0	0	0	0
36	5q31.1	rs1295686	P4HA2	0	0	0	0	1	0	0	0	0	0	0	0
36	5q31.1	rs1295686	PDLIM4	0	0	0	0	1	0	0	0	0	0	0	0
36	5q31.1	rs1295686	RAD50	0	0	0	0	1	0	0	0	0	0	1	0
36	5q31.1	rs1295686	RAPGEF6	0	0	0	1	1	0	0	0	0	0	0	0
36	5q31.1	rs1295686	SEPT8	0	0	0	0	1	0	0	0	0	0	0	0
36	5q31.1	rs1295686	SLC22A4	0	0	0	1	1	0	0	0	4	0	0	0
36	5q31.1	rs1295686	SLC22A5	0	0	0	0	1	0	0	0	0	0	0	0
36	5q31.1	rs1295686	TH2LCRR	0	0	0	1	0	0	0	0	0	0	0	0
37	5q31.3	rs7700687	NDFIP1	0	1	1	0	1	1	0	0	0	0	0	0
37	5q31.3	rs7700687	PCDH1	0	0	0	0	0	1	0	0	0	0	0	0
38	5q33.3	rs9313491	ITK	1	1	1	1	0	1	0	0	0	0	1	1
39	5q35.3	rs67111717	FGFR4	0	0	0	0	0	1	1	0	0	0	0	0
39	5q35.3	rs67111717	LMAN2	0	0	0	0	1	1	0	0	0	0	0	0
39	5q35.3	rs67111717	MXD3	0	0	0	0	1	1	0	0	0	0	0	0
39	5q35.3	rs67111717	NOP16	0	0	0	0	0	1	0	0	0	0	0	0
39	5q35.3	rs67111717	PRELID1	0	0	0	0	1	0	0	0	0	0	0	0
39	5q35.3	rs67111717	RGS14	0	1	1	1	1	1	0	0	0	0	0	0
39	5q35.3	rs67111717	SLC34A1	0	0	0	0	1	0	0	0	0	0	0	0
39	5q35.3	rs67111717	ZNF346	0	0	0	0	0	1	0	0	0	0	0	0
40	6p25.3	rs17133849	EXOC2	0	0	1	1	0	0	0	0	0	0	0	0
40	6p25.3	rs17133849	IRF4	0	1	0	0	0	0	0	0	0	0	0	0
41	6p21.32	rs9270560	AGER	0	0	0	0	1	0	0	0	0	0	0	0
41	6p21.32	rs9270560	AGPAT1	0	0	0	0	1	0	0	0	0	0	0	0
41	6p21.32	rs9270560	ATF6B	0	0	0	0	1	0	0	0	0	0	0	0
41	6p21.32	rs9270560	C2	0	0	0	0	1	0	0	0	0	0	1	0
41	6p21.32	rs9270560	C6orf10	0	0	0	0	1	0	0	0	0	0	0	0
41	6p21.32	rs9270560	C6orf15	0	0	0	0	1	0	0	0	0	0	0	0
41	6p21.32	rs9270560	CCHCR1	0	0	0	0	1	0	0	0	0	0	0	0
41	6p21.32	rs9270560	CYP21A2	0	0	0	0	1	0	0	0	0	0	0	0
41	6p21.32	rs9270560	DDX39B	0	0	0	0	1	0	0	0	0	0	0	0
41	6p21.32	rs9270560	DXO	0	0	0	0	1	0	0	0	0	0	0	0
41	6p21.32	rs9270560	EGFL8	0	0	0	0	1	0	0	0	0	0	0	0
41	6p21.32	rs9270560	EHMT2	0	0	0	0	1	0	1	0	0	0	0	0
41	6p21.32	rs9270560	FKBPL	0	0	0	0	1	0	0	0	0	0	0	0
41	6p21.32	rs9270560	GPSM3	0	0	0	0	1	0	0	0	0	0	0	0
41	6p21.32	rs9270560	HLA-DOB	0	0	0	0	1	0	0	0	0	0	0	0
41	6p21.32	rs9270560	HLA-DQA1	0	0	0	0	0	0	0	0	0	0	0	1
41	6p21.32	rs9270560	HLA-DRA	0	0	0	0	1	0	0	0	0	0	0	0
41	6p21.32	rs9270560	HLA-DRB1	0	1	1	0	0	0	0	0	0	0	1	0
41	6p21.32	rs9270560	HSPA1L	0	0	0	0	1	0	0	0	0	0	0	0
41	6p21.32	rs9270560	LSM2	0	0	0	0	1	0	0	0	0	0	0	0
41	6p21.32	rs9270560	LST1	0	0	0	0	1	0	0	0	0	0	0	0
41	6p21.32	rs9270560	MICA	0	0	0	0	1	0	0	0	0	0	0	0
41	6p21.32	rs9270560	MICB	0	0	0	0	1	0	0	0	0	0	0	1
41	6p21.32	rs9270560	NCR3	0	0	0	0	1	0	0	0	0	0	0	0
41	6p21.32	rs9270560	NELFE	0	0	0	0	1	0	0	0	0	0	0	0
41	6p21.32	rs9270560	NFKBIL1	0	0	0	0	1	0	0	0	0	0	1	0
41	6p21.32	rs9270560	NOTCH4	0	0	0	0	1	0	0	0	0	1	0	0
41	6p21.32	rs9270560	PBX2	0	0	0	0	1	0	0	0	0	0	0	0
41	6p21.32	rs9270560	POU5F1	0	0	0	0	1	0	0	0	0	0	0	0
41	6p21.32	rs9270560	PPT2	0	0	0	0	1	0	0	0	0	0	0	0
41	6p21.32	rs9270560	PRRT1	0	0	0	0	1	0	0	0	0	0	0	0
41	6p21.32	rs9270560	PSORS1C2	0	0	0	0	1	0	0	0	0	0	0	0
41	6p21.32	rs9270560	RNF5	0	0	0	0	1	0	0	0	0	0	0	0
41	6p21.32	rs9270560	SKIV2L	0	0	0	0	1	0	0	0	0	0	0	0
41	6p21.32	rs9270560	STK19	0	0	0	0	1	0	0	0	0	0	0	0
41	6p21.32	rs9270560	TCF19	0	0	0	0	1	0	0	0	0	0	0	0
41	6p21.32	rs9270560	TNF	0	0	0	0	1	0	0	0	0	0	0	0
41	6p21.32	rs9270560	TNXB	0	0	0	0	1	0	0	0	0	1	1	0
42	6q15	rs58521088	BACH2	0	1	1	1	1	1	0	0	0	0	1	0
43	6q23.3	rs7773987	AHI1	0	1	1	1	0	1	0	0	0	0	0	0
43	6q23.3	rs7773987	ALDH8A1	0	0	0	0	0	1	0	0	0	0	0	0
43	6q23.3	rs7773987	ENSG00000234084	0	0	0	0	0	1	0	0	0	0	0	0
43	6q23.3	rs7773987	LINC00271	0	0	0	0	0	1	0	0	0	0	0	0
44	6q23.3	rs9494672	IL22RA2	1	1	1	1	0	1	1	0	0	0	0	0
45	6q25.2	rs7758477	SCAF8	1	0	1	0	1	1	0	0	0	0	0	0
45	6q25.2	rs7758477	TIAM2	1	1	0	0	0	0	0	0	0	0	0	0
46	6q25.3	rs212389	ENSG00000224478	0	0	0	0	0	1	0	0	0	0	0	0
46	6q25.3	rs212389	RSPH3	0	0	1	0	0	0	0	0	0	0	0	0
46	6q25.3	rs212389	TAGAP	0	1	0	1	0	0	0	0	0	0	0	0
46	6q25.3	rs212389	TAGAP-AS1	0	0	0	0	0	1	0	0	0	0	0	0
47	7p22.1	rs6796	C7orf26	0	0	0	0	0	1	0	0	0	0	0	0
47	7p22.1	rs6796	DAGLB	0	1	0	0	0	0	0	0	0	0	0	0
47	7p22.1	rs6796	GRID2IP	0	0	0	0	0	1	0	0	0	0	0	0
47	7p22.1	rs6796	KDELR2	0	0	1	0	0	1	0	0	0	0	0	0
47	7p22.1	rs6796	ZDHHC4	0	0	0	0	0	1	0	0	0	0	0	0
48	7p15.3	rs7787688	ENSG00000232759	1	0	0	0	0	1	0	0	0	0	0	0
48	7p15.3	rs7787688	IL6	1	1	0	0	0	0	0	0	0	0	2	1
48	7p15.3	rs7787688	STEAP1B	1	0	1	0	0	0	0	0	0	0	0	0
49	7p15.1	rs2391683	CREB5	0	1	1	1	1	1	0	0	0	0	0	0
50	7p12.2	rs66644183	C7orf72	0	1	0	0	0	0	0	1	0	0	0	0
50	7p12.2	rs66644183	SPATA48	0	0	1	0	0	0	0	0	1	0	0	0
51	8q12.2	rs79376089	CHD7	1	1	1	0	0	0	0	0	0	0	1	0
52	8q21.13	rs11784337	ENSG00000272518	0	0	0	0	0	1	0	0	0	0	0	0
52	8q21.13	rs11784337	ZBTB10	0	1	1	1	0	1	0	0	0	0	0	0
53	8q24.13	rs6996614	TRIB1	0	1	1	1	0	0	0	0	0	0	0	0
54	8q24.21	rs5894937	TMEM75	0	1	0	0	0	0	0	0	0	0	0	1
55	8q24.3	rs11994438	AGO2	0	1	0	0	0	1	0	0	0	0	0	0
55	8q24.3	rs11994438	CHRAC1	0	0	0	0	0	1	0	0	0	0	0	0
55	8q24.3	rs11994438	ERICD	0	0	0	0	0	1	0	0	0	0	0	0
55	8q24.3	rs11994438	PTK2	0	0	1	0	0	1	0	0	0	0	0	0
55	8q24.3	rs11994438	PTP4A3	0	0	0	0	0	1	0	0	0	0	0	1
56	9p13.3	rs3860985	AQP3	0	1	0	0	0	1	0	0	0	0	0	1
56	9p13.3	rs3860985	AQP7	0	0	1	0	0	1	0	0	0	0	0	0
56	9p13.3	rs3860985	BAG1	0	0	0	0	0	1	0	0	0	0	0	0
56	9p13.3	rs3860985	NOL6	0	0	0	0	0	1	0	0	0	0	0	0
56	9p13.3	rs3860985	RP11-311H10.4	0	0	0	0	0	1	0	0	0	0	0	0
57	9q34.11	rs1107329	CRAT	0	0	0	0	0	1	0	0	0	0	0	1
57	9q34.11	rs1107329	DNM1	0	0	0	0	0	1	0	0	0	0	0	0
57	9q34.11	rs1107329	DOLPP1	0	0	0	0	0	1	0	0	0	0	0	0
57	9q34.11	rs1107329	ENSG00000204055	0	0	0	0	0	1	0	0	0	0	0	0
57	9q34.11	rs1107329	ENSG00000234055	0	0	0	0	0	1	0	0	0	0	0	0
57	9q34.11	rs1107329	ENSG00000268707	0	0	0	0	0	1	0	0	0	0	0	0
57	9q34.11	rs1107329	GPR107	0	0	0	0	0	1	0	0	0	0	0	0
57	9q34.11	rs1107329	IER5L	0	0	0	0	0	0	0	0	1	0	0	0
57	9q34.11	rs1107329	PPP2R4	0	1	0	0	1	0	0	0	0	0	0	0
57	9q34.11	rs1107329	PTPA	0	0	1	0	0	1	0	0	0	0	0	0
57	9q34.11	rs1107329	SET	0	0	0	0	0	1	0	0	0	0	0	0
58	9q34.3	rs117137535	ARRDC1	0	1	1	0	0	0	0	0	0	0	0	0
59	10p15.1	rs4747846	IL15RA	0	0	0	0	0	1	0	0	0	0	0	0
59	10p15.1	rs4747846	IL2RA	0	1	1	1	1	1	0	0	0	0	1	1
59	10p15.1	rs4747846	LINC00706	0	0	0	0	0	1	0	0	0	0	0	0
59	10p15.1	rs4747846	RBM17	0	0	0	1	1	1	0	0	0	0	0	0
60	10p15.1	rs796899460	PRKCQ	0	1	0	1	0	1	0	0	0	0	0	1
60	10p15.1	rs796899460	PRKCQ-AS1	0	0	0	1	0	1	0	0	0	0	0	1
61	10p14	rs2229359	GATA3	0	1	1	1	0	0	0	0	0	0	0	0
62	10q21.2	rs11817236	ANK3	1	0	1	0	0	1	0	0	0	0	0	1
62	10q21.2	rs11817236	ANK3-DT	1	0	0	0	0	1	0	0	0	0	0	0
62	10q21.2	rs11817236	CDK1	1	1	0	0	0	0	0	0	0	0	0	0
63	10q21.2	rs2944542	ADO	0	1	1	1	0	0	0	0	0	0	0	0
63	10q21.2	rs2944542	ZNF365	0	0	0	0	1	0	0	0	0	0	0	0
64	11p15.4	rs59039403	NLRP10	0	1	1	0	0	0	0	1	2	0	0	0
65	11p13	rs142185235	C11orf55	0	0	0	1	0	0	0	0	0	0	0	0
65	11p13	rs142185235	PRR5L	0	1	1	1	1	0	0	0	1	0	0	0
66	11q12.2	rs174548	B3GAT3	0	0	0	0	0	1	0	0	0	0	0	0
66	11q12.2	rs174548	DAGLA	0	0	0	0	0	1	0	0	0	0	0	0
66	11q12.2	rs174548	FADS1	0	0	0	0	1	1	0	0	0	0	0	1
66	11q12.2	rs174548	FADS2	0	0	1	0	0	1	0	0	0	0	0	1
66	11q12.2	rs174548	FADS3	0	0	0	0	0	1	0	0	0	0	0	0
66	11q12.2	rs174548	FEN1	0	1	0	0	0	1	0	0	0	0	0	0
66	11q12.2	rs174548	MYRF	0	0	0	0	0	1	0	0	0	0	0	0
66	11q12.2	rs174548	RAB3IL1	0	0	0	0	0	1	0	0	0	0	0	0
66	11q12.2	rs174548	TMEM258	0	0	0	0	1	1	0	0	0	0	0	0
67	11q13.1	rs10791824	AP5B1	0	0	0	1	1	1	0	0	4	0	0	0
67	11q13.1	rs10791824	BBS1	0	0	0	0	0	1	0	0	0	0	0	0
67	11q13.1	rs10791824	EFEMP2	0	0	1	0	0	1	0	0	0	0	1	0
67	11q13.1	rs10791824	EHBP1L1	0	0	0	0	0	1	0	0	2	0	0	0
67	11q13.1	rs10791824	FIBP	0	0	0	0	0	0	0	0	0	0	1	0
67	11q13.1	rs10791824	KAT5	0	0	0	0	1	0	0	0	0	0	0	0
67	11q13.1	rs10791824	KRT8P26	0	0	0	0	0	1	0	0	0	0	0	0
67	11q13.1	rs10791824	LOC101927853	0	0	0	0	1	0	0	0	0	0	0	0
67	11q13.1	rs10791824	MRPL49	0	0	0	0	0	1	0	0	0	0	0	0
67	11q13.1	rs10791824	MUS81	0	0	0	0	0	1	0	0	0	0	0	0
67	11q13.1	rs10791824	NAALADL1	0	0	0	0	0	1	1	0	0	0	0	0
67	11q13.1	rs10791824	NEAT1	0	0	0	0	0	1	0	0	0	0	0	0
67	11q13.1	rs10791824	OVOL1	0	1	0	0	1	1	0	0	0	0	0	0
67	11q13.1	rs10791824	PACS1	0	0	0	0	1	0	0	0	0	0	1	0
67	11q13.1	rs10791824	PCNXL3	0	0	0	0	1	0	0	0	0	0	0	0
67	11q13.1	rs10791824	RAB1B	0	0	0	0	1	0	0	0	0	0	0	0
67	11q13.1	rs10791824	RELA	0	0	0	0	1	0	0	0	0	0	1	0
67	11q13.1	rs10791824	RNASEH2C	0	0	0	0	1	0	0	0	0	0	1	0
67	11q13.1	rs10791824	SIPA1	0	0	0	0	1	0	0	0	2	0	0	0
67	11q13.1	rs10791824	SLC25A45	0	0	0	0	0	1	0	0	0	0	0	0
67	11q13.1	rs10791824	SNX32	0	0	0	0	1	0	0	0	0	0	0	0
68	11q13.2	rs541390276	C11orf80	1	0	0	0	1	0	0	0	0	0	0	0
68	11q13.2	rs541390276	CTSF	1	0	0	0	1	0	0	0	0	0	0	0
68	11q13.2	rs541390276	GSTP1	1	0	1	0	0	0	0	0	0	0	0	0
68	11q13.2	rs541390276	NDUFV1	1	1	0	0	0	0	0	0	0	0	0	0
69	11q13.5	rs7110818	ACER3	0	0	0	0	0	1	0	0	0	0	0	0
69	11q13.5	rs7110818	C11orf30	0	0	0	1	1	0	0	0	0	0	0	0
69	11q13.5	rs7110818	EMSY	0	0	0	0	0	1	0	0	0	0	0	0
69	11q13.5	rs7110818	ENSG00000236304	0	0	0	1	0	0	0	0	0	0	0	0
69	11q13.5	rs7110818	LOC100506127	0	0	0	0	1	0	0	0	0	0	0	0
69	11q13.5	rs7110818	LRRC32	0	1	1	1	1	1	0	0	0	1	0	0
69	11q13.5	rs7110818	PRKRIR	0	0	0	1	1	0	0	0	0	0	0	0
70	11q22.2	rs17368659	DYNC2H1	0	0	0	0	0	1	0	0	0	0	0	0
70	11q22.2	rs17368659	MMP12	0	0	0	1	0	1	0	0	0	0	0	1
70	11q22.2	rs17368659	MMP3	0	1	1	1	0	1	0	0	0	0	0	1
71	11q23.3	rs61905155	APOA1	0	1	0	0	0	0	0	0	0	0	2	0
71	11q23.3	rs61905155	APOA1-AS	0	0	0	0	0	1	0	0	0	0	0	0
71	11q23.3	rs61905155	DSCAML1	0	0	0	0	0	1	0	0	0	0	0	0
71	11q23.3	rs61905155	PAFAH1B2	0	0	0	0	1	0	0	0	0	0	0	0
71	11q23.3	rs61905155	SIDT2	0	0	0	0	0	1	0	0	0	0	0	0
71	11q23.3	rs61905155	SIK3	0	0	1	1	1	1	0	1	2	0	1	0
72	11q23.3	rs7117261	CXCR5	0	1	0	0	0	1	0	0	0	0	0	0
72	11q23.3	rs7117261	DDX6	0	0	1	0	1	1	0	0	0	0	0	0
72	11q23.3	rs7117261	ENSG00000245869	0	0	0	0	0	1	0	0	0	0	0	0
72	11q23.3	rs7117261	PHLDB1	0	0	0	0	0	1	0	0	0	0	0	0
73	11q24.3	rs61907721	ETS1	0	1	1	1	0	1	0	0	0	0	0	0
74	11q24.3	rs4245080	ETS1_	0	1	1	0	1	1	0	0	0	0	0	0
75	12p13.33	rs718389	RAD52	1	1	0	0	0	1	0	0	0	0	0	0
75	12p13.33	rs718389	WNK1	1	0	1	0	1	1	0	0	0	0	1	0
76	12q13.2	rs190653364	CD63	0	0	0	0	0	0	0	0	2	0	0	0
76	12q13.2	rs190653364	OR9K2	0	1	1	0	0	0	0	1	0	0	0	0
76	12q13.2	rs190653364	TESPA1	0	0	0	0	0	0	0	0	2	0	0	0
77	12q13.3	rs1799986	DCTN2	0	0	0	0	0	1	0	0	0	0	0	0
77	12q13.3	rs1799986	LRP1	0	1	0	0	0	0	0	0	0	0	1	0
77	12q13.3	rs1799986	NDUFA4L2	0	0	0	0	0	1	0	0	0	0	0	0
77	12q13.3	rs1799986	STAT6	0	0	1	0	1	0	0	0	0	0	0	0
78	12q15	rs2227485	IL22	0	1	0	1	1	0	0	0	0	0	0	1
78	12q15	rs2227485	IL26	0	0	0	1	0	0	0	0	0	0	0	1
78	12q15	rs2227485	MDM1	0	0	1	0	0	0	0	0	0	0	0	0
78	12q15	rs2227485	MDM2	0	0	0	0	0	1	0	0	0	0	1	0
78	12q15	rs2227485	NUP107	0	0	0	0	0	1	0	0	0	0	0	0
79	12q22	rs17299268	PLXNC1	0	1	1	1	1	1	0	0	0	0	0	0
80	12q24.31	rs35033444	CLIP1	0	0	0	0	0	1	0	0	0	0	0	0
80	12q24.31	rs35033444	IL31	0	1	0	0	0	0	0	0	0	0	0	0
80	12q24.31	rs35033444	LRRC43	0	0	1	0	0	1	0	0	0	0	0	0
80	12q24.31	rs35033444	MLXIP	0	0	0	1	0	1	0	0	0	0	0	0
81	13q32.3	rs58353209	GPR18	0	0	0	1	0	1	0	0	0	0	0	0
81	13q32.3	rs58353209	GPR183	0	1	0	1	0	1	0	0	0	0	0	1
81	13q32.3	rs58353209	TM9SF2	0	0	0	0	0	1	0	0	0	0	0	0
81	13q32.3	rs58353209	UBAC2	0	0	1	1	0	1	0	0	0	0	0	0
81	13q32.3	rs58353209	UBAC2-AS1	0	0	0	1	0	1	0	0	0	0	0	0
82	14q13.2	rs146424514	ENSG00000279434	0	0	0	0	0	1	0	0	0	0	0	0
82	14q13.2	rs146424514	FAM177A1	0	0	1	0	1	1	0	0	0	0	0	0
82	14q13.2	rs146424514	KIAA0391	0	1	0	0	0	0	0	0	0	0	0	0
82	14q13.2	rs146424514	PPP2R3C	0	0	0	0	1	1	0	0	0	0	1	0
82	14q13.2	rs146424514	PRORP	0	0	0	0	0	1	0	0	0	0	0	0
82	14q13.2	rs146424514	PSMA6	0	0	0	0	0	1	0	0	0	0	0	0
82	14q13.2	rs146424514	SEPTIN7P1	0	0	0	0	0	1	0	0	0	0	0	0
82	14q13.2	rs146424514	SRP54	0	0	0	0	1	1	0	0	0	0	1	0
83	14q24.3	rs175714	BATF	1	1	1	1	0	1	0	0	0	0	0	1
83	14q24.3	rs175714	FLVCR2	1	0	0	0	0	0	0	0	0	0	0	0
84	14q32.32	rs71421262	CDC42BPB	0	0	0	0	0	1	0	0	0	0	0	0
84	14q32.32	rs71421262	COA8	0	0	0	0	0	1	0	0	0	0	0	0
84	14q32.32	rs71421262	DYNC1H1	0	0	0	0	0	1	0	0	0	0	0	0
84	14q32.32	rs71421262	TRAF3	0	1	1	1	1	1	0	0	1	0	0	0
84	14q32.32	rs71421262	ZFYVE21	0	0	0	0	0	1	0	0	0	0	0	0
84	14q32.32	rs71421262	ZNF839	0	0	0	0	0	1	0	0	0	0	0	0
85	15q15.1	rs12440045	CCDC32	0	0	0	0	0	1	0	0	0	0	1	0
85	15q15.1	rs12440045	CHAC1	0	0	0	0	1	0	0	0	0	0	0	1
85	15q15.1	rs12440045	CHP1	0	0	0	0	0	1	0	0	0	0	0	0
85	15q15.1	rs12440045	DNAJC17	0	0	0	0	0	1	0	0	0	0	0	0
85	15q15.1	rs12440045	ITPKA	0	1	0	0	1	1	0	0	0	0	0	0
85	15q15.1	rs12440045	LTK	0	0	0	0	0	1	0	0	0	0	0	0
85	15q15.1	rs12440045	NUSAP1	0	0	1	0	0	1	0	0	0	0	0	0
85	15q15.1	rs12440045	OIP5	0	0	0	0	0	1	0	0	0	0	0	0
85	15q15.1	rs12440045	OIP5-AS1	0	0	0	1	0	1	0	0	0	0	0	0
85	15q15.1	rs12440045	RTF1	0	0	0	0	0	1	0	0	0	0	0	0
85	15q15.1	rs12440045	SNAP23	0	0	0	0	0	1	0	0	0	0	0	0
85	15q15.1	rs12440045	ZFYVE19	0	0	0	0	0	1	0	0	0	0	1	0
86	15q22.2	rs8025324	RORA	0	1	1	1	0	1	0	0	0	0	0	0
87	16p13.13	rs11645657	ATF7IP2	0	0	0	0	0	1	0	0	0	0	0	0
87	16p13.13	rs11645657	CLEC16A	0	0	1	1	1	0	0	0	0	0	0	0
87	16p13.13	rs11645657	DEXI	0	0	0	0	1	0	0	0	0	0	0	0
87	16p13.13	rs11645657	RMI2	0	0	0	1	0	0	0	0	0	0	0	0
87	16p13.13	rs11645657	SOCS1	0	1	0	1	0	0	0	0	0	0	1	1
87	16p13.13	rs11645657	TNP2	0	0	0	0	1	0	0	0	2	0	0	0
88	16p12.1	rs4499236	IL4R	0	0	0	0	0	1	0	0	0	1	1	1
88	16p12.1	rs4499236	KDM8	0	0	0	0	0	1	0	0	0	0	0	0
88	16p12.1	rs4499236	NSMCE1	0	1	1	1	0	1	0	0	0	0	0	0
89	17q21.2	rs112401631	CCR7	0	0	1	0	0	1	0	0	0	0	0	1
89	17q21.2	rs112401631	ENSG00000278834	0	0	0	0	0	1	0	0	0	0	0	0
89	17q21.2	rs112401631	SMARCE1	0	1	0	0	0	1	0	0	0	0	0	0
90	17q21.2	rs12951971	CNTNAP1	0	0	0	0	1	0	0	0	0	0	0	0
90	17q21.2	rs12951971	PSME3	0	0	0	0	0	1	0	0	0	0	0	0
90	17q21.2	rs12951971	PTRF	0	0	0	0	1	0	0	0	0	0	0	0
90	17q21.2	rs12951971	RAB5C	0	0	1	0	0	0	0	0	0	0	0	0
90	17q21.2	rs12951971	STAT3	0	1	0	1	0	0	0	0	0	0	2	1
90	17q21.2	rs12951971	STAT5A	0	0	0	1	1	0	0	0	0	0	0	0
90	17q21.2	rs12951971	STAT5B	0	0	0	1	1	0	1	0	0	0	2	0
91	17q21.31	rs4792814	ENSG00000236234	0	0	0	0	0	1	0	0	0	0	0	0
91	17q21.31	rs4792814	ENSG00000267344	0	0	0	0	0	1	0	0	0	0	0	0
91	17q21.31	rs4792814	FMNL1	0	0	0	0	0	1	0	0	0	0	0	0
91	17q21.31	rs4792814	KANSL1	0	0	0	0	0	1	0	0	0	0	1	0
91	17q21.31	rs4792814	MAP3K14	0	0	1	1	0	1	0	0	0	0	0	1
91	17q21.31	rs4792814	MAP3K14-AS1	0	0	0	0	0	1	0	0	0	0	0	0
91	17q21.31	rs4792814	MAPT	0	0	0	0	0	1	0	0	0	0	0	0
91	17q21.31	rs4792814	NMT1	0	0	0	0	0	1	0	0	0	0	0	0
91	17q21.31	rs4792814	PLEKHM1	0	0	0	0	0	1	0	0	0	0	0	0
91	17q21.31	rs4792814	SPATA32	0	1	0	0	0	0	0	0	0	0	0	0
92	17q21.33	rs16948048	ENSG00000275025	0	0	0	0	0	1	0	0	0	0	0	0
92	17q21.33	rs16948048	GNGT2	0	0	1	0	0	1	0	0	0	0	0	0
92	17q21.33	rs16948048	PHOSPHO1	0	0	0	0	0	1	0	0	0	0	0	0
92	17q21.33	rs16948048	SLC35B1	0	0	0	0	0	1	0	0	0	0	0	0
92	17q21.33	rs16948048	ZNF652	0	1	0	0	1	1	0	0	0	0	0	0
93	17q25.3	rs68154225	PGS1	1	1	0	0	0	0	0	0	0	0	0	0
93	17q25.3	rs68154225	SOCS3	1	0	1	0	0	0	1	0	0	0	0	1
94	18q21.31	rs11152086	ALPK2	1	1	1	0	1	1	0	0	0	0	0	0
95	19p13.3	rs55874507	ARID3A	0	1	0	0	1	0	0	0	0	0	0	0
95	19p13.3	rs55874507	KISS1R	0	0	1	0	0	0	0	0	2	0	0	0
96	19p13.2	rs2918299	ACTL9	0	1	1	0	0	0	0	0	0	0	0	0
96	19p13.2	rs2918299	ZNF562	0	0	0	0	0	1	0	0	0	0	0	0
97	19q13.11	rs118013485	CEBPA	0	0	0	0	0	1	0	0	0	0	0	0
97	19q13.11	rs118013485	CEBPG	0	0	1	0	0	0	0	0	0	0	0	0
97	19q13.11	rs118013485	PEPD	0	0	0	0	0	0	0	0	0	0	1	0
97	19q13.11	rs118013485	SLC7A10	0	1	0	0	0	0	0	0	0	0	0	0
98	20q13.2	rs208643	BCAS1	0	1	1	0	0	1	0	0	0	0	0	0
99	20q13.2	rs2426500	CYP24A1	0	1	1	0	0	1	0	0	0	0	0	0
100	20q13.33	rs6062497	ARFRP1	0	1	0	1	1	1	0	0	0	0	0	0
100	20q13.33	rs6062497	ENSG00000274501	0	0	0	0	0	1	0	0	0	0	0	0
100	20q13.33	rs6062497	GMEB2	0	0	0	1	1	0	0	0	0	0	0	0
100	20q13.33	rs6062497	HELZ2	0	0	0	0	1	0	0	0	10	0	0	1
100	20q13.33	rs6062497	LIME1	0	0	0	0	1	1	0	0	0	0	0	0
100	20q13.33	rs6062497	LKAAEAR1	0	0	0	0	1	0	0	0	0	0	0	0
100	20q13.33	rs6062497	OPRL1	0	0	0	0	1	0	0	0	0	0	0	0
100	20q13.33	rs6062497	RTEL1	0	0	1	0	1	1	0	1	2	0	1	0
100	20q13.33	rs6062497	RTEL1-TNFRSF6B	0	0	0	0	0	1	0	0	0	0	0	0
100	20q13.33	rs6062497	SLC2A4RG	0	0	0	0	1	1	0	0	3	0	0	0
100	20q13.33	rs6062497	STMN3	0	0	0	0	1	1	0	0	0	0	0	0
100	20q13.33	rs6062497	TNFRSF6B	0	0	0	0	1	1	0	1	3	0	0	0
100	20q13.33	rs6062497	UCKL1	0	0	0	0	1	0	0	0	0	0	0	0
100	20q13.33	rs6062497	ZBTB46	0	0	0	0	1	0	0	0	2	0	0	0
100	20q13.33	rs6062497	ZGPAT	0	0	0	0	1	1	0	0	0	0	0	0
101	22q12.3	rs1807544	ANKRD54	0	0	0	0	0	1	0	0	0	0	0	0
101	22q12.3	rs1807544	CSF2RB	0	1	1	1	1	1	0	0	0	0	0	1
101	22q12.3	rs1807544	EIF3D	0	0	0	0	0	1	0	0	0	0	0	0
101	22q12.3	rs1807544	IL2RB	0	0	0	0	0	1	1	0	0	0	1	0
101	22q12.3	rs1807544	NCF4	0	0	0	1	0	1	0	0	0	0	1	0
101	22q12.3	rs1807544	NCF4-AS1	0	0	0	1	0	0	0	0	0	0	0	0